1403636579.76356 -3.50171244092849e-06 -8.10265257992972e-07   -1.166174339865e-05 1.14419674417896e-06 -1.95181366410596e-06 3.29740641483075e-06 0.999999999992004
1403636580.11356 -0.00244944378366704    0.125230699379355   0.0381209530791473 -0.0244644623743164 0.00608314942813999 0.00159163012404951 0.999680925139276
1403636580.16356 -0.00313114386666272    0.144932626807313   0.0430831331789702 -0.0264688061644132 0.00572129931826618 0.00277030763983526 0.999629428553363
1403636580.36356 -0.00518704211341417    0.211274791831968   0.0571324967207147 -0.0415224140953934 0.00415016801768036 -0.000836713343554912 0.9991286029055
1403636580.51356 -0.00712027480155599    0.239740573430618   0.0598324848163725 -0.0678810581402917 0.00341926724061034 -0.0027616456658913 0.997683739403679
1403636580.66356 -0.00936669061327963    0.215473788892643   0.0523681465846264 -0.0763112160743977 0.000672742977559919 -0.00121499535110405 0.997083080542654
1403636580.76356 -0.0102271799506926   0.170263864356078  0.0425726712576641 -0.0665410237872859 0.00453218625428448 -0.00628821000757351 0.997753581730478
1403636580.81356 -0.0104212551994486   0.142089504276868  0.0372604625989844 -0.059602938092516 0.00812078997958528 -0.00934707918302139 0.998145367494932
1403636580.86356 -0.0106907012129407   0.111286769526629  0.0315324473350775 -0.0517228258132866 0.0134885707944566 -0.0128292784593676 0.998487965556933
1403636580.91356 -0.010990292985446  0.080431139352721  0.025625010845275 -0.0436592853356096 0.019020808245277 -0.016251218121718 0.998733184372704
1403636580.96356 -0.0121105588757782  0.0498290359911888  0.0192234824310236 -0.0355760566076725 0.0213375466360355 -0.0181924287832459 0.99897351758431
1403636581.06356  -0.0142657866784273 -0.00580614275922327  0.00686327468405736 -0.0210979291063021 0.02051453077721 -0.0187819465005231 0.999390449173929
1403636581.16356  -0.0150274547403757  -0.0542721847093538 -0.00347414632115984 -0.00576948537325898 0.0214897777092439 -0.0148073203421955 0.999642759067867
1403636581.31356 -0.0136619443964706  -0.105032928963591 -0.0171587573217105 0.0200810899396325 0.0216415497676944 -0.0112100580840161 0.999501239493099
1403636581.66356  -0.00643811477814499   -0.0273575984051355 -0.000374816676606537 -4.56291348385579e-05 0.0262534684291099 -0.0146697917935132 0.999547672961204
1403636581.76356 -0.00273148111745539   0.0235363519884914   0.0133006396636931 -0.00549925466165448 0.0242142988294043 -0.0145873210922796 0.999585231980604
1403636581.86356 -0.000679154399662406    0.0766961063809946    0.0254190722125382 -0.00947277526617421 0.0198825301432081 -0.0140434481396451 0.99965880833823
1403636581.96356 -7.84246542952356e-06     0.128095800709255    0.0368203571059495 -0.0216475631480587 0.0203474812521886 -0.0105853096679333 0.99950253338132
1403636582.06356 -6.83372506736335e-05     0.172943763351392    0.0472010633829577 -0.0392652563116474 0.0241249541918476 -0.00939175213544712 0.998893398328294
1403636582.16356 -0.00170357687682038    0.202852136736941   0.0522324045381407 -0.0560247007384385 0.0219159202218499 -0.00977708653419498 0.998140938909381
1403636582.41356 -0.00878079291518041    0.167516025247835   0.0427042692459282 -0.057699876973675 0.0159849930772204 -0.0096078969075099 0.99815975300077
1403636582.51356 -0.0114079457996882   0.120987836026143  0.0321355925744549 -0.0425434601297135 0.0175729346536264 -0.0110849686297957 0.99887855590073
1403636582.61356 -0.0122827220232943  0.0694441796038295  0.0200577807852244 -0.0339995327134976 0.022413278607196 -0.013567056673508 0.999078381154631
1403636582.71356 -0.011764916529991 0.0176853631227369 0.0074858739599592 -0.028980949736662 0.0265129832089556 -0.0131051591839988 0.999142342750263
1403636582.81356 -0.00941324651579617  -0.0344516137321095 -0.00369913345339506 -0.0202824686808093 0.0321425907613033 -0.00868700251662119 0.999239716639926
1403636582.91356 -0.00622773634407971  -0.0839210881737302  -0.0143786658427217 -0.0045412287880119 0.0402079763738049 -0.00376346869111408 0.999173924890171
1403636583.06356 -0.00250122376163322   -0.130970819565231  -0.0279521494924633 0.018889644827167 0.0437870588462211 -0.00423862301861221 0.998853296971486
1403636583.36356  0.0022408399715419 -0.0722701338856822  -0.010633607011773 0.0134939876191259 0.0448537839522833 -0.0110289546917741 0.998841535240552
1403636583.51356 0.00652289692206255 0.00379808942080384  0.0110338197524253 0.00429074481295773 0.0384885372545254 -0.0128311277586626 0.999167445511211
1403636583.66356 0.0101484972101877 0.0860110215003463 0.0334021289949439 -0.0151858399144091 0.0375969533816171 -0.014609182452773 0.999070783853965
1403636583.76356 0.0105325866767565  0.135355843571903 0.0445423679166347 -0.0384938175907515 0.0335419381118867 -0.00665818982170092 0.998673536699199
1403636583.86356 0.0111681801581297  0.176778850404091 0.0532110019012934 -0.0573658338590099 0.0332057206315429 -0.00376212616391575 0.997793760067544
1403636583.96356 0.0115784254590471  0.207925012298185 0.0581821644646691 -0.066172900510704 0.0322049297336266 -0.0100996416470996 0.997237176892966
1403636584.26356 0.00526284474431721   0.179759472382265  0.0484183783201986 -0.0659427669645741 0.0190250099272612 -0.013273312381643 0.997553717681781
1403636584.36356 0.00387132478104159   0.135000910229529   0.039654133298804 -0.0619893235293127 0.0203427071242029 -0.0150027586974163 0.997756691416652
1403636584.46356 0.00421398044036097  0.0813385427606751  0.0310284813028666 -0.0562183729664298 0.0278256138249146 -0.0207912712131888 0.997814087291623
1403636584.51356 0.00413817848917392  0.0523936787986124  0.0259595061911046 -0.0508779446049245 0.0297511298475714 -0.0217174567023139 0.998025378985903
1403636584.61356  0.00368207791229546 -0.00668784199069326   0.0157971118376685 -0.0343825329631665 0.0343105075608662 -0.0200738173671677 0.998617881050736
1403636584.71356 0.00318983035473635 -0.0625371579967949 0.00412720710967253 -0.0119938088966383 0.0416470543650221 -0.0187501165624846 0.998884430021692
1403636584.86356 0.00139607045209351  -0.126563305580399 -0.0125639653451518 0.0147764295465087 0.0485986047271426 -0.0154362264923009 0.998589783474731
1403636585.31356  0.0061151076904738 -0.0777426337198684 0.00510144575487105 0.00474520100736016 0.0642185248186707 -0.0136570350426055 0.99783112275142
1403636585.51356  0.0136013219905231 0.00641390234052815  0.0285917016326482 -0.0131443311591131 0.0598310784232549 -0.0236693598811765 0.99784128498269
1403636585.66356 0.0148384724415585 0.0585583198691618 0.0295799064252975 -0.0331250296804904 0.0398080825544859 -0.0220560154561521 0.998414533725446
1403636585.86356 0.0132786017806823 0.0892961843173154 0.0176122867667059 -0.0673256632394662 0.0203648498680746 -0.00842832482280455 0.997487589546806
1403636586.06356   0.012307397847433   0.091971388853458 0.00570793180442806 -0.114260226596583 0.0287716645728392 -0.000211550040415456 0.993034111791929
1403636586.31356  0.00416017233469867   0.0876945286326586 -0.00929560238572652 -0.165008289147846 0.0457596159653444 0.00998066833273708 0.98517953100886
1403636586.51356 0.00439100417600605  0.0896280315146727 -0.0273970207794852 -0.20555026193081 0.0469661989307469 0.0145629841100589 0.977410448824844
1403636586.91356  0.0276259629111489  0.0809825669741387 -0.0320789143323557 -0.199309895225415 0.0355852481716464 0.0122494042827584 0.979213566017401
1403636587.31356  0.0476799957763034  0.0762559003757097 -0.0161670501426321 -0.204606657964972 0.027626279108868 0.00440767215985559 0.978444416737678
1403636587.46356   0.0745769574758505   0.0734350487117129 -0.00868156466139862 -0.207471252999075 0.0310202708044927 0.00830589801709561 0.977713881478799
1403636587.56356   0.0989776722720282   0.0711220654258722 -0.00538432917149823 -0.209234166470142 0.0327630685137706 0.0120212701156509 0.977242617770998
1403636587.66356    0.127170959414275   0.0680909009725122 -0.00202171332044651 -0.206318816846094 0.0371473325037971 0.0152119346576883 0.977661095956595
1403636587.76356   0.157818865428401  0.0639296191460145 0.00220077196888867 -0.198775570603445 0.0435908331066756 0.0199302157342327 0.978872258418394
1403636587.86356   0.188099326769911  0.0612201789851805 0.00571286104205984 -0.194797993195458 0.0510441961528019 0.0235399521966431 0.979231383553814
1403636587.96356   0.215962407166519  0.0621374098117691 0.00820333306241679 -0.199633784280119 0.0595649315679042 0.025015525801974 0.977738510323778
1403636588.06356  0.240916786685844 0.0644134155132015 0.0100762066719104 -0.210337586483446 0.069350951748814 0.0267775576113207 0.974798188145744
1403636588.21356  0.266335810446238 0.0695321232072369 0.0135839838960127 -0.215768077584155 0.0706260794281109 0.0271178270943975 0.973509484829979
1403636588.71356   0.246231471895115  0.0704641058057772 0.00651578089307718 -0.209176196689359 0.0658537845924365 0.029430248326852 0.975214057669826
1403636588.86356     0.21075449076399   0.0723081191722127 9.28581713665402e-05 -0.21334513188671 0.0582853280522702 0.0281377161016835 0.974830725904073
1403636588.96356    0.180544295776163   0.0733482495122009 -0.00293332996207189 -0.212403729821641 0.0523257647400868 0.0274421047764475 0.975394074611723
1403636589.06356    0.146822039977641   0.0724550122466572 -0.00835247145801792 -0.207987030486521 0.0458483844174884 0.0255420012195181 0.97672254349401
1403636589.16356   0.111535871833883  0.0707443165260628 -0.0129642272149857 -0.202620913286433 0.0398752357378752 0.0227603821534637 0.978180298348954
1403636589.26356  0.0734923328344288  0.0694825450041148 -0.0169533335364387 -0.201354182783854 0.0353888994525209 0.0211919581230543 0.978649589884907
1403636589.36356  0.0346017351696106    0.07071464201906 -0.0202613793873969 -0.204884011608794 0.0296025954539053 0.0184004994616696 0.978165451111948
1403636589.46356 -0.00359488663157454   0.0730780126676139  -0.0225232207779185 -0.207204070255169 0.0256429008390187 0.0146858421259615 0.977851338878923
1403636589.56356 -0.0418694283070071  0.0759550069297437 -0.0247364770752634 -0.204846150829204 0.0221936263695768 0.0139550144979301 0.978443025939369
1403636589.66356 -0.0792105207003714  0.0790243956265692 -0.0269555575424599 -0.202138688152839 0.0191017126257514 0.0121352952274813 0.979095403899106
1403636589.76356  -0.115790614656396  0.0827524342087808 -0.0293210072794791 -0.201777121411404 0.0138389063098459 0.0113829699141713 0.979267535427887
1403636589.86356  -0.148270325975629  0.0883559015410514 -0.0305717930402414 -0.207106275595078 0.00540554818260422 0.00984347878889853 0.978253993901029
1403636589.96356  -0.175432179240073   0.093724567233379 -0.0315887867593396 -0.212217774189951 -0.00450463711185965 0.0100627645430162 0.977160204537672
1403636590.11356  -0.204644894570822  0.0970828878158076 -0.0333724209435397 -0.205290545440215 -0.0161348745860992 0.00990065107984727 0.978517978824684
1403636590.51356  -0.179607359956477  0.0920947471001069 -0.0416476079385795 -0.200050852519922 -0.00672377266314915 0.00483221983183508 0.979750527909388
1403636590.61356  -0.152649346767555  0.0886877546715762 -0.0444957717622454 -0.1968844675961 0.000442619935966961 0.00338980236022294 0.980420736085764
1403636590.71356 -0.121156510280216 0.0857957753012684 -0.046227696932549 -0.196421366591284 0.00735736207192229 0.0035067742006337 0.980485705405469
1403636590.81356 -0.0866954775903714  0.0847569671089218 -0.0455908155506292 -0.200838593746969 0.0118143598066902 0.00632744911262739 0.979532665893193
1403636590.91356 -0.0497430717989441  0.0841949197239886 -0.0439570586421533 -0.206832542534189 0.014756126556771 0.00944226619869096 0.978219504859169
1403636591.01356 -0.0114172503191303  0.0837983758472007 -0.0415989163257366 -0.208192746691632 0.0169813506353393 0.00972189663212966 0.977892069034956
1403636591.11356  0.0250434941357381  0.0827375880269653 -0.0385087811078363 -0.206636954117245 0.0154080110372319 0.0108525315646598 0.978236160110462
1403636591.21356  0.0591305205803488   0.081565286413847 -0.0346583048655954 -0.207366219703035 0.0163423465700909 0.0130715715550049 0.978039525096884
1403636591.31356  0.0891885551121312  0.0823600770381337 -0.0304013396294311 -0.210146142749975 0.0194854109013749 0.014241351274076 0.977372038357554
1403636591.46356   0.121354883162362  0.0874095548544065 -0.0228760465487404 -0.212055705515423 0.0257195771398369 0.0174937784934721 0.976762432131849
1403636591.61356   0.143519080183199  0.0933506269451373 -0.0113880937208784 -0.200593060563824 0.04352765621674 0.0185203129773584 0.978531943885909
1403636591.76356   0.155000566655171  0.0955279573986531 0.00043445675308239 -0.168967409786989 0.0629711861454441 0.0162935176572076 0.983473012048458
1403636591.96356  0.165020087861111 0.0905929840706774  0.012898971566683 -0.142049062710492 0.0839571799323742 0.0204952577168515 0.986079712869093
1403636592.11356  0.178747624414854 0.0853718274724544 0.0288555358541854 -0.153191538158501 0.0995304811533058 0.031851280445814 0.982655347460129
1403636592.26356  0.195530516391686 0.0786243952144473  0.052775243789984 -0.16736534282147 0.109950589221835 0.0394823197769147 0.978948852789081
1403636592.41356  0.202914389712171 0.0684223595308703  0.082640651700373 -0.178243420225766 0.103202254030565 0.043570813656052 0.97758895355184
1403636592.51356  0.198338167644894 0.0595168905087172  0.105664705208369 -0.176060508211054 0.0901114283390451 0.0410721677317513 0.979385371020508
1403636592.61356  0.186119509325346 0.0509584347966129  0.129059869842767 -0.166330432417883 0.0730047994995069 0.0333731994189025 0.982797393190612
1403636592.71356 0.166554845926976 0.044561239051268 0.151188656421237 -0.160001234694172 0.0545851407741307 0.0233856897569712 0.985328968831019
1403636592.81356   0.13810513508891 0.0401246372766164   0.16892614334808 -0.159794128948151 0.0286755349145349 0.0157344964660246 0.986608319279757
1403636592.91356 0.100342130330519 0.039536896145982  0.17761532227403 -0.164714843267588 -0.00291449224834515 0.0100519712988446 0.986285701009234
1403636592.96356 0.0785690442887479 0.0407147974788997  0.178373208015047 -0.167873131314016 -0.0180762794891769 0.00688042370636156 0.985618851114505
1403636593.01356 0.0553110518772569 0.0430930294756764  0.176356447915878 -0.170827982096887 -0.0337463906996731 0.00361525866144045 0.984716157860864
1403636593.06356 0.0311372011130001 0.0459199035748222  0.171620151515667 -0.173547271666923 -0.0484698175706673 -0.000116172205251385 0.983632048982572
1403636593.11356 0.00666352783787987  0.0494194023368781   0.164039470303509 -0.175307133256826 -0.0622709598853896 -0.00520169338589481 0.982528716613487
1403636593.21356 -0.0419826936734659  0.0576156831926676   0.142087705289561 -0.176689058940537 -0.0885733781622118 -0.00710285245700632 0.980247561903938
1403636593.31356 -0.0840982539577266  0.0663081871703653   0.112601930531687 -0.179391247851224 -0.109522158420328 -0.0047495999728443 0.977650816145229
1403636593.41356  -0.11477407299092    0.0784643715574 0.0791469791572358 -0.183745618063976 -0.116979747428722 -0.00658932964844644 0.975966119938896
1403636593.51356 -0.129295843495435 0.0932344933918065 0.0443224366853041 -0.187155892113511 -0.113102780780436 -0.00778400648090203 0.975766284655313
1403636593.61356 -0.130510680267685  0.109158601897929 0.0113230647794714 -0.193440032832862 -0.102461964170651 -0.00153645942122085 0.97574593972425
1403636593.71356  -0.118557079791996   0.124488472272043 -0.0186834824256599 -0.203136791852419 -0.0841122561752213 0.00898624052039033 0.975489528205368
1403636593.81356 -0.0948992296872633   0.137369512123482 -0.0453358964866714 -0.207889870372327 -0.0529607934546094 0.0223446410001757 0.976461813473425
1403636593.91356 -0.0609188981434999   0.145883452310994 -0.0665276552896201 -0.201322708305093 -0.013102052856185 0.0374760435708341 0.978720107839791
1403636594.01356 -0.0201571958068674   0.150172905346981 -0.0806491117274103 -0.189421713555171 0.0300325316096573 0.0492008099497158 0.980202398374555
1403636594.06356 0.00183659578423499   0.150684406603761 -0.0849866054894181 -0.184865754180674 0.0514765719047508 0.0545390919025795 0.979898108443213
1403636594.16356  0.0463303277055546   0.149499729356613 -0.0861466751322687 -0.181562891302206 0.088680012296451 0.0658750939786783 0.977154667345137
1403636594.26356 0.0917526940083673  0.146237436624502 -0.075692399987968 -0.182774061987232 0.117045019398023 0.0712904537728197 0.973556252560513
1403636594.31356    0.11494250251738   0.143326435658688 -0.0665783996736902 -0.183223681761831 0.127493075479977 0.0711121854790731 0.972171618194384
1403636594.36356    0.13758738310621   0.139706208727772 -0.0546685850862204 -0.182653614320997 0.136547949214517 0.069831418741168 0.971141538447091
1403636594.46356   0.180551903399084   0.129525938155675 -0.0251698967753112 -0.175736735411226 0.147739128941102 0.0638484252726657 0.971191602206758
1403636594.51356     0.19943154277424    0.123343032088032 -0.00861522793465393 -0.170125242645036 0.149751575297774 0.0603637399395838 0.972104977053049
1403636594.61356  0.226480747328573  0.110130208604236 0.0273591995627767 -0.158955505049407 0.149379400359858 0.0601412979224582 0.974064662354004
1403636594.71356  0.234722922367533 0.0980254304465685 0.0625849892023783 -0.152394416736926 0.144284006110813 0.0604831658611112 0.975858521495531
1403636594.81356  0.221545304610035 0.0896841854552626 0.0937302971390036 -0.148509137918438 0.127092897492063 0.0553715665058312 0.979145760846915
1403636594.91356   0.18733863162203 0.0849713721065699  0.120051651225638 -0.144467438012581 0.100731987690461 0.0438486642622222 0.983391844918611
1403636595.01356  0.134681158035117 0.0835709906393612  0.136453761932582 -0.141696227306388 0.0624850279754406 0.0292844157468937 0.987502011866512
1403636595.06356  0.103973133187096 0.0845026501689014  0.140302392346865 -0.142470496774977 0.0411558773555111 0.0215777322866165 0.988707617436599
1403636595.11356 0.0724910264375808 0.0863528615874102  0.141158949122099 -0.144902067456023 0.0195709223366641 0.0153587904907744 0.989133194974531
1403636595.16356 0.0412632690965194 0.0889370324896953  0.140242818815064 -0.147854644382759 -0.000714726451819645 0.00987366413449774 0.988959556330342
1403636595.21356 0.0115445489781019 0.0920496127876547  0.137144369697942 -0.151083830216617 -0.020628040911016 0.00635794936233565 0.988285250651428
1403636595.26356 -0.0153921161958578  0.0954991007691849   0.131245466184358 -0.153947489079472 -0.0392325334752764 0.00271910039929196 0.987296098146982
1403636595.31356 -0.0389563238739638  0.0998645637413685   0.123670624573165 -0.156730257945918 -0.0552017982054505 -0.000744938865508493 0.986097273490388
1403636595.41356 -0.0723068319866569   0.108999876725935   0.104261688212093 -0.160244105542283 -0.0757485032879258 -0.00577827592226423 0.984149684964619
1403636595.51356 -0.0843029005820866   0.117800605963043  0.0814559064316903 -0.163940027062718 -0.0841689734527315 -0.00740181473190043 0.982845086762539
1403636595.61356 -0.0745877720980006   0.127157535665389  0.0576539004369048 -0.169058921128301 -0.0852608989314 -0.00936650677624625 0.981866553484309
1403636595.71356 -0.0470458967840375   0.136837974740236  0.0348199410153048 -0.172828085989786 -0.0734070715581752 -0.00923203796326134 0.982169345893775
1403636595.81356 -0.00636704510579694    0.147266512849841   0.0153494388983856 -0.173334926158211 -0.0467587385505377 -0.00929484937241531 0.983708406753767
1403636595.86356  0.0162758780531248   0.152611123759298 0.00654129889031554 -0.173028259653201 -0.0301603690886137 -0.00801038520636163 0.984422372372077
1403636595.91356   0.039177330847039   0.157935454994645 -0.0017421017375574 -0.173123213085059 -0.0130666879705671 -0.00440553266509625 0.984803638315031
1403636595.96356  0.0608164703703346   0.162704316007494 -0.0109575987036983 -0.174298650938523 0.00380982453579675 -0.000453071409552827 0.984685361038903
1403636596.01356   0.080491859840057   0.167523879374279 -0.0214074963059371 -0.176785040499937 0.020315402214417 0.00318037038297373 0.984034663582808
1403636596.11356   0.108125810241579   0.176785472227145 -0.0447081277954689 -0.181479095239695 0.0498364137590908 0.0128972584101843 0.982046501231034
1403636596.21356     0.1149222798174     0.1836149431502 -0.0685395207893204 -0.182604256620515 0.0656459806354716 0.0211784528367724 0.980763867516497
1403636596.31356  0.0997171225792177   0.186725417851646 -0.0943969085016563 -0.179486805677404 0.0700432183288031 0.0283828077248447 0.980853123754785
1403636596.41356 0.0717471563156596   0.18816862705165 -0.123822846932505 -0.174355412718134 0.0719122130747919 0.0286216665103798 0.981636197311786
1403636596.51356 0.0403099136469128  0.190103070818248 -0.154028067799973 -0.168243153166196 0.0694941790991215 0.0237782810481577 0.983005286778474
1403636596.61356 0.0130035269559417  0.192124639290522  -0.17567613487766 -0.166047953126324 0.0673762291654875 0.0186592309395847 0.983636291576689
1403636596.81356 -0.0156053735560645   0.194378077946387  -0.187819159215894 -0.166092336089679 0.0638229671848864 0.013136221366921 0.983954980901153
1403636596.96356 -0.0087212200327236   0.187294829888957  -0.156142582207753 -0.160072572453021 0.0660395506277589 0.00373780340918843 0.984886581351797
1403636597.06356 0.00330509552674234   0.177558406810552  -0.119002800040558 -0.168302057700707 0.0674143664555066 0.00213460718128269 0.98342522035043
1403636597.16356  0.0173986955597209   0.164178450995009 -0.0754997144024461 -0.180088483969832 0.0595417980545101 0.000904732403872267 0.98184626784704
1403636597.21356  0.0246136702426704   0.155356673527814 -0.0528506403463277 -0.183292978596509 0.0529044668939781 -0.00105906111416355 0.981633169656283
1403636597.26356 0.0313884194947335    0.1453319697198 -0.029512291012308 -0.18394203091762 0.0457897838740598 -0.00402854390436683 0.981861698911144
1403636597.36356 0.0420716358079541  0.124366531683868 0.0183712875040957 -0.180231441134735 0.0296234309999118 -0.0107820696999311 0.983118928174652
1403636597.41356 0.0457259662228152  0.114679953491801 0.0416930834032062 -0.177966047432099 0.0215336664889572 -0.0158941451284216 0.983672589492853
1403636597.51356 0.0476822671898594  0.098185255731699 0.0833351122320357 -0.173635471176389 0.00236124171634503 -0.02550720642068 0.984476779872194
1403636597.61356 0.0405038446198982 0.0879212700862121  0.112241430899934 -0.166286667180729 -0.0223695672834023 -0.0292901177660682 0.985388469477256
1403636597.71356 0.0251137180952064  0.085688051102111  0.124908626320938 -0.156704433346971 -0.0476131118830544 -0.0308945484885048 0.986013305701251
1403636597.81356 0.00593641341675935   0.089302099366677    0.11954349891977 -0.147863793068706 -0.065397983514079 -0.0343036445933407 0.986246755340285
1403636597.91356 -0.0102645078281448  0.0981265393759797   0.100489377559502 -0.142896678371882 -0.0757346604770146 -0.0417612481482026 0.985951722279452
1403636598.01356 -0.0213080279506439   0.110809469134862   0.072553025129678 -0.145312805546781 -0.0807151442154428 -0.0488961726261815 0.984874823691272
1403636598.11356 -0.0273111609418536   0.126134438653734  0.0408458844654426 -0.155555330247431 -0.0818108008098716 -0.0495963724528974 0.983183468098388
1403636598.21356 -0.0271508556874428   0.143399623201761  0.0111066684836154 -0.173729777259119 -0.077275364882829 -0.0506172688509773 0.980451107689614
1403636598.31356  -0.0217212774219685    0.161166128375328 -0.00913538056255556 -0.191324629720687 -0.0707394651179577 -0.0534704979105679 0.977513028041194
1403636598.41356 -0.0129353035681301   0.175286094324197 -0.0147965625555939 -0.198355250389448 -0.0614370585172052 -0.0566169548271726 0.976562953889707
1403636598.56356 0.00137434165898715   0.186396441231484 0.00347838127806098 -0.189755156240604 -0.0607469006302947 -0.059254203559073 0.978157315621826
1403636598.66356 0.00985230082589881   0.187901482996043  0.0285610010831393 -0.173583739753651 -0.0694029038352271 -0.0584703910835655 0.980628948990856
1403636598.76356 0.0169663613344565   0.19102679675207 0.0577677697800977 -0.151756672733182 -0.0832404503179538 -0.0568539995052314 0.983264238367326
1403636598.86356 0.0231581045368955  0.197806601208179 0.0866666064199326 -0.127057380686629 -0.0935237961634786 -0.0531435631240319 0.986045375863965
1403636598.96356 0.0292508283596299   0.20793940170028   0.11363713516913 -0.106189066804183 -0.0954346510472477 -0.0512841128195403 0.988426046420803
1403636599.06356 0.033479387434565 0.218271691737355 0.135032911152206 -0.0888643508823698 -0.0989412043183557 -0.048851368538532 0.989912778492227
1403636599.16356 0.0359589143074689  0.224550915802756  0.149930990867759 -0.0656323070517317 -0.108405901904898 -0.0425977612987401 0.991022699757977
1403636599.31356 0.0375721665473539  0.228847147881956  0.169047710906172 -0.0177698244274301 -0.109632321040652 -0.0356636366886101 0.993173243971665
1403636599.46356 0.0389564222625217  0.235498871048969  0.184836878854769 0.000613611682769015 -0.10111065821095 -0.0368698615248355 0.994191566846144
1403636599.61356 0.0400651967168434  0.243470784082288  0.195292942630528 -0.00681402601976494 -0.0898788350259066 -0.0325144353175099 0.995398500882823
1403636599.86356 0.0436978902199219  0.249022397147844  0.198681522764103 0.0172282741261011 -0.0888099786274015 -0.0296347803475744 0.995458564713061
1403636619.51356 0.0465504248637658  0.250326955597228  0.198116266002933 0.0217840918160415 -0.0906920887626251 -0.0185969261721095 0.995467002324322
1403636624.41356 0.0500732225390894   0.25071987611702  0.196563642616881 0.00888190021509616 -0.0829656443771355 -0.0198438632092834 0.996315228627259
1403636624.56356 0.0576700385457777  0.252148122724089  0.192217755267413 -0.00447854225681 -0.077339519946539 -0.020167428397503 0.996790758457122
1403636624.71356 0.0700613872283905  0.255054002576814  0.186630902291073 -0.00254752910013059 -0.0726556976126956 -0.0282025684504647 0.996955001408135
1403636624.81356 0.081639688906989 0.257907349401843 0.180677422798982 -0.00289297065419312 -0.0693219401734576 -0.0382422145778335 0.99685687656532
1403636624.91356 0.0951131939790504  0.258253836427399  0.171009943328888 -0.0129862664193739 -0.0646196246118212 -0.0538721772438914 0.996370136805853
1403636625.01356 0.107147827629727 0.252272870418744 0.157905002574677 -0.0257359033677568 -0.0605939342645907 -0.0671895417159814 0.995565971642352
1403636625.11356 0.114817021072835 0.239149485044254 0.143634327792585 -0.0383165938012338 -0.0591360767890884 -0.0713553274760183 0.994958883724477
1403636625.26356 0.119147577863358 0.208419713615573 0.125049965667005 -0.0359932352519526 -0.0648037728608155 -0.0602376011645735 0.995427741950685
1403636625.36356 0.119690237649733 0.194652121258916  0.11870892153722 -0.029836162933983 -0.0679681697929281 -0.05598305528877 0.995668634032885
1403636625.76356 0.112324450177878 0.182887836112259 0.131942214578337 -0.0271485737395021 -0.0721439230939134 -0.0576441316423067 0.995356902518757
1403636625.86356 0.105647757495423 0.152577543126502 0.134227484415102 -0.0157511668735179 -0.0745264676916626 -0.0552746480601142 0.995561359051946
1403636625.91356 0.101754813925227 0.133900893889107  0.13438139250886 -0.0118554374561501 -0.0754178682533344 -0.0537665462275398 0.995630831311289
1403636625.96356 0.0976768404463007  0.114088500581277  0.134191663873889 -0.00842439522167336 -0.0760322921221906 -0.05235955980867 0.995694027609103
1403636626.06356 0.0893230511715294 0.0740110651908469  0.132698832433948 -0.00463768795212415 -0.0786151916772281 -0.0472996733466004 0.995771502097402
1403636626.16356  0.081677141664834 0.0360953958905799  0.130855699407696 -0.00392715681780745 -0.0827528389047626 -0.0374645378278069 0.995857898245467
1403636626.31356   0.0755777144546726 -0.00610537262925129    0.131404471485493 -0.00340546311514697 -0.0863322602701114 -0.0294895671543871 0.99582403520234
1403636627.06356   0.124083171250143 0.00181610802615653   0.140304142280814 -0.0142667673288772 -0.0852701145600484 -0.0554202060343692 0.994713057959936
1403636627.56356   0.160247032141928 -0.0407706169450129   0.103549860923956 -0.00677346238063118 -0.0827866989552106 -0.0463216470972555 0.995467120347867
1403636627.86356   0.191941895311394 -0.0278542166214683  0.0935833382111603 -0.0345961271116782 -0.0493940107111942 -0.0403441282745745 0.997364372237398
1403636628.21356   0.223137893523374 -0.0484898718865548   0.108338876266126 -0.0156244473106457 -0.02429473315501 -0.0316205416641318 0.999082471036316
1403636628.41356   0.238245924093262 -0.0920448742703441   0.117308245837506 -0.00278967261338916 -0.0257338746783782 -0.0175316181702683 0.999511194427096
1403636628.71356  0.277832226034522 -0.130299382797243  0.129227482326383 -0.00519876760271058 -0.0288729515428717 -0.0155904241460936 0.999447979716584
1403636629.01356   0.34165767557506 -0.140069185541084  0.145201740295657 -0.0269947727995381 -0.00385359793749149 -0.0232897870133891 0.999356802070866
1403636629.26356  0.396026962983667 -0.174163101566648  0.165493446955073 -0.0263807171655393 0.0179214874605958 -0.0179469699888237 0.999330167821052
1403636629.56356 0.465691841394785 -0.19155707105258 0.209779429304015 -0.0124545466871436 0.0443083500328731 0.00841600108275657 0.998904812937628
1403636629.76356  0.525772434191553 -0.176203349314563  0.248538104219394 -0.030874023609749 0.0848288542168232 0.0167786247737833 0.995775746796992
1403636629.91356   0.57689836988607 -0.158408253135121  0.286203653350702 -0.037937898034646 0.119770377034328 0.0261893183470489 0.991730755942501
1403636630.06356  0.630122895326515 -0.153404959184245  0.325929383535287 -0.0365885543364462 0.143645168816181 0.0322718554613766 0.988425956009058
1403636630.21356  0.684176221918886 -0.167440165155893  0.369080831466724 -0.0166309106957471 0.158352468782237 0.0338682595268882 0.986661466480079
1403636630.41356  0.756506006563897 -0.202511562276355  0.420764262264856 -0.00843503539626526 0.165860990202131 0.0338042025051852 0.985533489030191
1403636630.66356  0.841099588934367 -0.262035945687871  0.474673327987028 -0.0180009208710905 0.164898089813647 0.0229677092313314 0.985878831883649
1403636630.96356 0.932273812688291 -0.31318892222883 0.554695629263742 -0.0185478592309115 0.154847915755261 0.0272730267915499 0.987387604699304
1403636631.36356   1.05319749866214 -0.343955635157796  0.678930635146287 -0.00998731430293845 0.150645377950095 0.0262779353122158 0.988188086232077
1403636631.96356   1.21627461283911 -0.360242207969861  0.865655578355269 -0.0146225312974051 0.147828427186787 0.0157457372038942 0.988779555539982
1403636632.66356   1.32917774517066 -0.393746819237032   1.07743629052572 -0.0295157469892343 0.131381999380082 0.0323649939061984 0.99036361912583
1403636632.91356    1.3617914501761 -0.397870573739208   1.16550964714104 -0.0248999029629108 0.0813642298204672 0.00859531910105411 0.996336277281777
1403636633.01356   1.37887079341667 -0.410851229299599   1.19976085607914 -0.0197126148660562 0.0639811484569271 -0.00705705062176361 0.997731438561398
1403636633.26356   1.41825296955152 -0.441237943813441   1.29036445903196 -0.0192403062007825 0.0355678862959066 -0.0214288364083098 0.998952221606182
1403636633.71356   1.48069267489763 -0.458768815839587    1.4854632706455 -0.0339173785179229 0.0307395912430049 -0.0100196563620511 0.998901544423209
1403636634.11356  1.55085905696857 -0.52352629570146  1.67956177934443 -0.0266851120185825 0.0353176866273634 0.0092349607830524 0.998977117509296
1403636634.41356   1.62370277905649 -0.599364405477253   1.83249623350915 -0.0164893218937436 0.0372910880052113 -0.00985643238351526 0.999119776483051
1403636634.71356  1.69930731652305 -0.65265072764573  1.99304815517938 -0.00483046947706832 0.0277104049194424 -0.0226479008537122 0.999347723573108
1403636634.96356  1.75196941311945 -0.69746489715365  2.11698828316179 -0.0158266576569576 0.010069001772096 -0.0289841771346717 0.999403847094131
1403636635.26356   1.80489838871583 -0.757026455784766    2.2577175834408 -0.0229999221885546 -0.00214399666927593 -0.032636987310955 0.999200297196146
1403636635.56356   1.85137192821593 -0.806779849160467   2.41266560543538 -0.027976092833641 -0.00917132993753844 -0.0202305355091996 0.999361771517178
1403636635.81356   1.89506608605626 -0.887778458166815   2.54270303274184 -0.0170750982146164 -0.00991256514888769 -0.0112758602794425 0.99974148510907
1403636636.01356   1.94016625093518 -0.970134658671176   2.64168585142702 -0.0250410894744254 -0.00953969649811704 -0.00493142394078682 0.999628740626526
1403636636.21356  1.99770078904183 -1.05062008446457  2.74396179074846 -0.0247161894842527 -0.00236366978648753 -0.0227004867221474 0.999433945263566
1403636636.36356  2.04151565358675 -1.12443104714045  2.82038576935953 -0.00491426353616754 2.23543422629121e-05 -0.0298218544172946 0.999543148900183
1403636636.51356  2.08451247513391 -1.19288634102559  2.89710037564691 0.0148850559334484 0.00119590374361633 -0.0346235650910141 0.999288853967902
1403636636.76356   2.1456740549004 -1.26388629505254   3.0066329803666 0.0160853315450184 0.00866688813538091 -0.0547553873810262 0.998332607256665
1403636637.16356   2.1895832823287 -1.29540497860142  3.16052375088234 -0.00262826479458245 -0.00327079031804641 -0.0359692195891709 0.999344089589272
1403636637.66356  2.20347047070271 -1.34565414457213  3.32229208544682 -0.0215517200968037 -0.0102794835627329 -0.0328661685758144 0.999174494541218
1403636637.96356  2.20385107888588 -1.44053259824977  3.41068185532188 -0.0101740002719468 -0.0127620593658691 -0.0343068634216508 0.999278068748322
1403636638.46356  2.20615728222223 -1.47530878857212  3.58194104646929 -0.0316769632678833 -0.0208284405975311 -0.0188551583229879 0.999103212418525
1403636638.81356  2.22966229712097 -1.49847248159685  3.72782374230478 -0.0322698207541436 -0.018504984575737 -0.0288736854235021 0.998890651925631
1403636639.01356   2.2474059490504 -1.55385064598438  3.81910700999653 -0.0209160311909156 -0.023049545396416 -0.0192392791512126 0.99933031988126
1403636639.26356   2.2826539645729 -1.60550654713178  3.94311992768303 -0.0219551535683934 -0.0302298635753008 5.9766782966451e-05 0.99930181777476
1403636639.51356   2.3480255355512 -1.60946114716652  4.09105512746642 -0.0205340918006886 -0.0193103491950442 -0.0298847649450012 0.999155824840184
1403636639.71356  2.40251934157461 -1.61046106920986  4.21170162987433 -0.00851001050183771 -0.0156881273593657 -0.0434868182141888 0.998894568522034
1403636639.91356  2.44573866281357 -1.62632524749273  4.32519763681267 -0.000594182689703976 -0.0203433732501251 -0.0338221852429042 0.999220623234495
1403636640.16356 2.49460922426879 -1.6663372557913 4.44369724281999 0.00165678201164728 -0.0312100522012871 -0.0407118392782133 0.998681998364617
1403636640.46356  2.54954029885549 -1.72775748317664  4.56064917879384 0.000211805850324726 -0.0501199242834917 -0.0498353455305931 0.997499065996528
1403636640.81356  2.61183632275809 -1.75144670682135  4.69000652968605 -0.00383545744859917 -0.0579186347683607 -0.0526452555729069 0.996924870829489
1403636641.61356  2.71208846242064 -1.78278095501154  4.93124025349079 -0.00303851300196881 -0.0562577790137496 -0.0445747087605337 0.997416124332312
1403636642.21356  2.78832677492197 -1.87070462977404   5.0357883891749 0.00403449163952579 -0.0282872814569099 -0.0401873278920107 0.998783525726115
1403636642.76356  2.85299756380159 -1.86492283280845  5.10453232989903 -0.0158718233102994 0.00544955360233417 -0.0255126010875959 0.999533638641585
1403636643.66356  2.96326288693908 -1.91388657371518  5.22308894695911 -0.030808381685721 0.00121419318625708 -0.0225516144748904 0.999270130664071
1403636644.21356  3.04294412243254 -2.01893787113961  5.36553036802228 -0.040828584002552 0.000774237480817023 -0.0260876891361455 0.998825239849397
1403636644.51356  3.09430308640796 -2.04643082198728   5.5060390376262 -0.000355070697274274 -0.00933102173498761 0.0032125361757923 0.999951241596059
1403636644.81356  3.18620860979001 -2.01709034519741  5.64876072497599 0.00585298590663571 0.000405251176174734 -0.0203353541009182 0.999776000762696
1403636645.06356   3.2749863576322 -1.97332844137196  5.75504981880781 -0.022216462543778 0.00633341889928422 -0.0259494779265497 0.999396288362343
1403636645.31356  3.35995186928952 -1.96542627548562  5.86246168328525 -0.0589076110982584 0.00772881685422858 -0.0234335790510188 0.997958429052829
1403636645.61356  3.45471649352941 -2.00372667955504  6.03497831768839 -0.037087948971345 0.0100016454648489 -0.0252884130629724 0.9989419138738
1403636645.91356  3.54063503280097 -2.05698052592403  6.22956242574091 -0.0340615305159942 0.00885128602251975 -0.023045155991262 0.999114802042285
1403636646.11356  3.59923982605656 -2.13447957434485  6.36336157570456 -0.0171327414007819 0.0220665793728466 -0.0077429968345448 0.999579702298369
1403636646.26356  3.65203493182807 -2.19530091018431  6.46374758965588 -0.00584286803843042 0.0516705430041624 0.0113887023408105 0.998582151521713
1403636646.41356  3.71179632256798 -2.24602533692125    6.566492692247 0.00739172526726018 0.0924489324219906 0.0292882219704923 0.995259140799729
1403636646.56356  3.77972340938287 -2.29059854323751  6.65735714906686 0.020485257725455 0.129908146791245 0.0290985859965819 0.990887228652275
1403636646.76356  3.86474336513032 -2.36079116165104  6.75871803857589 0.0144606253759089 0.157461383213103 0.0304952848737183 0.986948246217006
1403636647.01356  3.96679507463572 -2.46174750714733   6.8555317105714 0.0106082878455807 0.168257211782774 0.0321062959060847 0.985163012234657
1403636647.31356  4.08399118637031 -2.54401705815373  6.95948957164232 -0.000290407399486394 0.16565963037577 0.0332290481451636 0.985622966903
1403636647.56356 4.17760087219201 -2.5875764097059 7.04575536691524 0.0144061485753718 0.158275727096725 0.0370409679386283 0.986594761687592
1403636647.91356    4.324148489112 -2.64614419762664  7.12642642760366 0.0134627292609325 0.170339293924746 0.0379107139544372 0.984563892103265
1403636648.16356  4.44054997099003 -2.65083171612039  7.17132254165335 0.0123727678187749 0.218754165863698 0.0530910164654494 0.97425606156926
1403636648.36356  4.53720705774259 -2.63037824039433  7.20203478652133 0.0141252319060873 0.271331904293406 0.0707665460767607 0.959776834213287
1403636648.56356  4.63397412199363 -2.59170808348937  7.22262306689571 0.0147505625001777 0.324620715449518 0.0893154424554646 0.941502290887259
1403636648.81356  4.74074725799095 -2.56270139453517  7.22627661166355 -0.000703225937906419 0.361503581569155 0.102126326782199 0.926760421772493
1403636649.26356  4.92832444071399 -2.62461087953556  7.19376991224043 0.00934923531287973 0.37076974038714 0.0944958846884072 0.923857629285634
1403636649.61356  5.05271367040247 -2.74282399159904  7.14613354741546 0.0103728566649433 0.360084890893098 0.0923715657247379 0.928277312574575
1403636649.91356  5.15591525868176 -2.83687052393102  7.09099721843668 0.0220948363403606 0.378748764388057 0.0959305125535933 0.920249166499388
1403636650.26356  5.25562812077515 -2.86007609591626  7.02260615702377 0.0222200910399883 0.415049902319358 0.105164048937882 0.903427013626368
1403636650.46356  5.30597838280044 -2.83619051912963  6.97387099910909 0.0156946070794233 0.46102574147671 0.124993386342625 0.878399452626808
1403636650.71356  5.35531134193775 -2.78766581355583  6.92074050523112 0.0034796517190267 0.503795836301098 0.145253424223513 0.8515157603362
1403636651.51356  5.41452496916726 -2.76845909516776  6.71098645432943 0.00735525631579171 0.514620600905287 0.143576603155324 0.845279419100447
1403636652.01356  5.41797036423194 -2.71163334691343  6.56670287712212 0.03694688607591 0.535710708475407 0.159694144737661 0.828339751895669
1403636652.16356  5.41352161302357 -2.66769973164391   6.5044269872849 0.0265182567373322 0.57327813179308 0.168553839225546 0.8013978842933
1403636652.31356  5.40297407953487 -2.61882863696686   6.4421833861162 0.0101964259825163 0.616126680135817 0.188043141410156 0.764803062160841
1403636652.46356  5.38732666669028 -2.56343409303603  6.37938695763838 -0.000491362223530581 0.649416380846079 0.208701769937089 0.731232995752429
1403636652.66356   5.3652526101788 -2.50217456057199    6.311451206629 -0.0128533128269763 0.672249113231987 0.229306430841709 0.703800030465199
1403636653.11356   5.3864158480798 -2.46305771476808  6.11204227798623 -0.00938918848338246 0.683511227396568 0.219155080792608 0.696200614568277
1403636653.51356  5.44424214369266 -2.41376373547266   5.9523310080097 0.00626439615551462 0.678419430884879 0.194064009370369 0.708552745676525
1403636654.16356  5.47171768236067 -2.36747345787312  5.74017411225775 0.0186500075430097 0.674219653772104 0.192694407903843 0.712705339427632
1403636654.46356  5.44848725239777 -2.33888077627056    5.642316335491 0.0109128116100104 0.703860298121635 0.204977936909595 0.680033555533236
1403636654.71356  5.41760782119366 -2.34083935081532  5.54977064138469 0.00619692511064127 0.731923774939729 0.22469377916642 0.643243259895556
1403636655.11356  5.35419544238737 -2.30132653894543  5.43841012919127 0.0150053835489721 0.754434054264873 0.219218199062709 0.618504225878626
1403636655.56356  5.26022827790795 -2.22987060328537  5.33718652198379 0.0267456570233431 0.773195841198227 0.224823914427383 0.592374095049491
1403636655.81356  5.17157175729763 -2.18394425327944  5.28730283124522 0.015048056879409 0.786694433376797 0.257601429735145 0.560827003519377
1403636656.01356  5.10017012004847 -2.11718451451901  5.25014645059843 0.0174306753741005 0.805870194251297 0.27094330370947 0.526174047011422
1403636656.26356  5.01609021932399 -2.06849467825762  5.19463811883966 0.00892053532223499 0.822509730702288 0.275196289811889 0.497659691981765
1403636656.56356  4.91558183028142 -2.05184918347227  5.06663917941692 0.00381268499750033 0.824710092764941 0.276329998242362 0.493437390553379
1403636656.81356 4.84733805923304 -2.0465972924967 4.96283420785729 0.0169989034060389 0.830265754148037 0.250453499830157 0.497637276733576
1403636657.11356   4.7651178588253 -2.00461596572993  4.87974703468444 0.0257720330549058 0.830111214481314 0.240230599422716 0.502534011789826
1403636657.41356  4.63391123882794 -1.94868465440533  4.78878800472678 0.0261698554272888 0.823641436381688 0.257991295461797 0.504351479038149
1403636657.66356  4.51806142456953 -1.89842918443292  4.71955565075591 0.0193048517380297 0.819490567966942 0.273305727802637 0.503355253139234
1403636657.91356 4.40151400076427 -1.8267108233205 4.63783162854646 0.0259406999243148 0.820162107482306 0.28329580877671 0.496391662165239
1403636658.11356  4.30728436506866 -1.77202818907931  4.54696413806803 0.0170371617469294 0.822936646024659 0.284454010839218 0.491498654593047
1403636658.31356 4.21054331422293 -1.7342851069488 4.44582805497549 0.000325725952382054 0.828986315587499 0.276097148685663 0.486366062712968
1403636658.41356  4.16407146809658 -1.71193673219735  4.39685694150385 -0.00470038457912293 0.830534089527777 0.275178789880998 0.484218613971731
1403636658.56356  4.10432503619478 -1.66928598787773  4.31822285707509 -0.0152753418692589 0.833258745140936 0.270559155198364 0.481917286591047
1403636658.66356  4.06925313091938 -1.64085439564602   4.2695479483992 -0.0200787194069102 0.834635602414223 0.267478041742215 0.481077699956437
1403636658.86356  4.00194822542477 -1.58214648028215  4.17929971320262 -0.0241292589751949 0.840149963973671 0.253811471217837 0.478691501882563
1403636658.96356  3.97913000255171 -1.55104762377766  4.13789060949924 -0.0148896277055573 0.841133575832757 0.251011701515212 0.478817013373614
1403636659.16356  3.93002464032246 -1.48529164911253  4.07160857045181 -0.000342126536280564 0.842878394902646 0.245964416458471 0.478599415160546
1403636659.41356   3.8646546364766 -1.40686882456144  4.00752119094225 -0.00534415818663472 0.840226683761476 0.254673566625663 0.478677275761689
1403636659.66356  3.79979830455445 -1.36073409489174  3.95426412377368 -0.0102471119597663 0.840744134709731 0.257595394632938 0.476118587445996
1403636659.96356  3.73285097516678 -1.28155952935949  3.90770606224125 -0.0122705143424656 0.842463259470605 0.259823446975022 0.471801724585607
1403636660.16356  3.69387833721995 -1.21914445891777  3.89622913006959 -0.0223149455056327 0.839032559567516 0.275259553312297 0.468784156625391
1403636660.41356 3.65953145482711  -1.142018681848 3.88904851681865 -0.0355505107178686 0.833023260820075 0.295359700402886 0.466445125924053
1403636660.76356   3.6812899482494 -1.06057134424213  3.85892299544313 -0.0284360200084367 0.843694127092767 0.26203301534578 0.467664742677969
1403636660.91356  3.70177233859938 -1.01408685498258  3.85879484037613 -0.0325442183856104 0.848696273908514 0.245245373446322 0.467450762440974
1403636661.11356   3.73440623991942 -0.948461178637892   3.88003866248652 -0.0190738135693958 0.847756437251594 0.247432368487277 0.468745598122458
1403636661.41356   3.78095836227818 -0.867543644844437   3.93807744983733 -0.00898619372628028 0.846458764053722 0.250172236666994 0.469936869249469
1403636661.81356   3.82278320066893 -0.845826652886983   4.03015764384905 0.00705933271232455 0.842212706304121 0.258419597539156 0.473124967391541
1403636662.31356   3.81524496787511 -0.913148439866555   4.13408150744443 -0.00600682784379454 0.843365212080339 0.252713367120915 0.474167682524179
1403636662.66356   3.79249603956554 -0.926569890796593   4.23567057058797 -0.00753908993461361 0.836529994798968 0.278933370203363 0.47154735171729
1403636663.01356  3.78000498366433 -0.90055028070252  4.33446586066303 0.00862955593930466 0.83084772737358 0.297290851964346 0.470357028246376
1403636663.46356   3.77019654419223 -0.843806885522404   4.37484896109802 -0.0352416671383946 0.832074641255069 0.297709465262421 0.466667858943294
1403636663.86356   3.84926533799935 -0.754416018559564   4.38392304159732 -0.0626427117125697 0.835373782567703 0.281808890818934 0.467771614276909
1403636664.11356   3.96518416426729 -0.742976747357327   4.39631250155987 -0.0559754020740872 0.841945323572598 0.2525846316208 0.47349322101363
1403636664.31356   4.07674888676049 -0.757266033666556   4.42813364425281 -0.0281996585424798 0.840978048144651 0.246516188633538 0.480822701771135
1403636664.51356   4.19712417354322 -0.737995928373268   4.49344260960469 -0.0157435630147537 0.837262128283448 0.24368604460186 0.489245726023409
1403636664.66356   4.28435414678153 -0.723694249251412   4.55112183348754 -0.0028845444811071 0.83226908604284 0.246367416280999 0.496611461824611
1403636664.81356   4.3656255489338 -0.71944874314487  4.60968316732782 -0.00740857944155306 0.828024347985561 0.249049127266974 0.502290079835651
1403636664.96356   4.44170729944381 -0.726452743200863   4.66880926105072 -0.0086347179257865 0.82385141299221 0.251888219308766 0.507687517997576
1403636665.11356   4.51441667686326 -0.745461034848991   4.72768673960062 -0.0128614152628157 0.817338740004529 0.263961662203683 0.511972859604798
1403636665.26356   4.58793518912447 -0.779055826292297   4.78338204758515 -0.00317096158240048 0.813679278805004 0.269650237430157 0.514980315837287
1403636665.41356   4.66160346485451 -0.815954278533604   4.83460340136298 0.00338342543609766 0.814791854390107 0.264447488599772 0.515916962528974
1403636665.56356   4.73208731929954 -0.849854561895231   4.88249875362069 -0.0132346999001258 0.817949027215711 0.25809090346048 0.513977934493669
1403636665.71356   4.80375017233248 -0.886291926628706   4.93126898198302 -0.0209687292771871 0.820119780652551 0.254707708973796 0.511945154058744
1403636665.86356   4.87836103773412 -0.928671295729211   4.98299476181944 -0.00829455207952328 0.822324176880695 0.250619524773056 0.510787629378214
1403636666.01356   4.95248665994149 -0.970116641976302   5.04269362173651 0.0138366350185588 0.8196449771406 0.259643989813125 0.510466117909377
1403636666.21356  5.03689990861272 -1.00508789829032  5.11400259414283 0.0115301896164023 0.820804745434729 0.255105977340546 0.510947712515053
1403636666.41356  5.11256775088851 -1.02503173850902  5.19124623767301 0.0203697597469849 0.818581122107458 0.256298239324521 0.513635310250663
1403636666.61356  5.17142019213951 -1.05097123001561   5.2610512618096 0.0131373315432817 0.813604701245089 0.263583647398219 0.518071869006668
1403636666.81356  5.21947119030223 -1.08862865041914   5.3219740249803 -0.00507195345061793 0.808257715212023 0.271456401203722 0.522498960127155
1403636667.01356  5.27166124387266 -1.12193081780336  5.37991150919383 0.0075901746070981 0.795505152957335 0.29947415399653 0.526715456347944
1403636667.21356  5.33197125735344 -1.13831605443105  5.42563907610276 0.00760567582073546 0.806577416075498 0.266612726127179 0.52753452952325
1403636667.51356  5.41689959415871 -1.14011478766457  5.50885402608031 -0.00469791515059776 0.809665934510457 0.252651574572767 0.529703866280442
1403636667.81356  5.49720677637436 -1.15660144859198  5.56940062765949 0.0034773487383406 0.799166902101877 0.277297060639963 0.53331652026829
1403636668.11356 5.58697712914516 -1.1754367681554 5.62427690997571 0.00175232037866807 0.80162307555732 0.273965179514365 0.531357181678177
1403636668.41356 5.68494841356825 -1.1558819252534  5.6933640087949 -0.0103972511261254 0.808162296537018 0.269895522617507 0.523375588364662
1403636668.71356   5.7981447767974 -1.12091209189939  5.75136143657833 -0.0125782855709084 0.812697179846892 0.265470884162008 0.518546324124709
1403636668.96356  5.90318369730293 -1.10719432284407  5.81832211580092 -0.0197079782224117 0.820991812381274 0.242569586315887 0.516472686007533
1403636669.21356  6.01786474338296 -1.14207972558541  5.91834237543246 0.00343012112393225 0.820158501044988 0.246312924919027 0.516389591733361
1403636669.46356  6.10788617371488 -1.15893509009253  6.01202435695922 0.00802613675575036 0.820140889767779 0.24447208769439 0.517240660039445
1403636669.66356    6.180047715159 -1.16826464461215  6.11892086291165 0.0178837691286216 0.823336735135554 0.228762321963358 0.519099789470208
1403636669.86356   6.2263200548255 -1.19362483270433  6.22942947672653 0.0447273846496933 0.817537743700117 0.235523855316173 0.523602914683566
1403636670.06356  6.25020290982891 -1.24014619324075  6.34517514768831 0.0644940763372817 0.803306938960975 0.270300623249752 0.526759953874007
1403636670.36356 6.21319295884311 -1.3044766034077 6.44424622200738 0.10269334946613 0.78507201357995 0.276660497514011 0.544586979815208
1403636670.61356  6.12302166385535 -1.32535920108919    6.472533856835 0.108818240457538 0.757260831271653 0.283266130244786 0.578338070181822
1403636670.81356  6.00372755704154 -1.34131423131975  6.43007288813813 0.108313396990537 0.728973076288136 0.275350860397814 0.617291151530269
1403636670.96356   5.8935960496884 -1.34198740030463  6.36739840563897 0.122616322918879 0.697923091193557 0.271879874057823 0.651114375678333
1403636671.06356  5.81087283696425 -1.33971324823815  6.30462884925565 0.126225489967505 0.676483500132169 0.262016590425962 0.676597743177545
1403636671.21356   5.6685273898147 -1.33150339240495  6.17657348045651 0.108311072679314 0.649216774622347 0.24256983576021 0.712703420690035
1403636671.36356  5.51486619201209 -1.31866697192839  6.01431521993779 0.0614759987761308 0.634878868322217 0.223756063105413 0.736941482314535
1403636671.46356  5.41117374817207 -1.30635238896371  5.89824307151636 0.0221176124072086 0.626956818627644 0.20860612878441 0.750279575779116
1403636671.61356  5.25824858238376 -1.28222943381155  5.72067874988762 -0.0152732761339676 0.607546938721383 0.207787807707528 0.766470920031877
1403636671.76356  5.11757206535324 -1.25294361822215  5.54831825021078 -0.0362150569190337 0.594622366275944 0.214962616066957 0.773888741919922
1403636671.91356  4.99866904374776 -1.21847987492246  5.38289486077477 -0.0552249595334689 0.58952908084063 0.221880425853746 0.774709457352038
1403636672.11356  4.88524025712524 -1.19696105785322    5.174940118019 -0.0838798503263279 0.594674272996527 0.215666388552073 0.769944600990351
1403636672.31356  4.82397436433454 -1.20898364029218  4.99459415635652 -0.0903237799861987 0.605789249919124 0.197992977925686 0.76528411726858
1403636672.51356  4.80303205599008 -1.22205775969027  4.86027105979771 -0.0672194556120507 0.619490601959598 0.164753858250451 0.764571190316863
1403636672.71356  4.79208772628253 -1.20387504714542  4.78227677985761 -0.0149618010316808 0.61959725422775 0.165943008368276 0.767032140810937
1403636672.96356  4.77981955636612 -1.12845783397594  4.72706432402957 -0.0210041665623207 0.598952832951861 0.178533981769757 0.780346042624296
1403636673.26356  4.76901942825132 -1.09406182249529  4.68631482657148 -0.0499021064818301 0.560618267827379 0.176065596639339 0.807600051527326
1403636673.81356  4.87259224863926 -1.12065145342829  4.72983004440923 -0.0233066633619728 0.548405671553125 0.150736954475458 0.822183914587704
1403636674.16356  4.96208130630207 -1.15920731466653   4.8322560902184 -0.0204749132424251 0.547274273410155 0.150291869124335 0.823094163304671
1403636674.41356  5.01859506472811 -1.16759946407325  4.94142566799218 0.00160659534552826 0.536988841233373 0.168725407992077 0.826542279584137
1403636674.66356  5.06876475797264 -1.14560348978303  5.05989924541366 0.0126522923766746 0.511941534201676 0.166739098960989 0.842587596594281
1403636674.91356  5.12276082670394 -1.09705560626706  5.16907726273248 -0.012895421930538 0.491475678895531 0.179700048538028 0.852052379670898
1403636675.21356  5.23275075962005 -1.08425048027809  5.27316999062213 -0.0447057529944099 0.490558928709583 0.170078556672296 0.853479125504999
1403636675.46356 5.36601961233045 -1.1333675077044 5.36439182654003 -0.0331774629213518 0.495725008114707 0.138284710572797 0.856757440064324
1403636675.66356 5.47004597962028 -1.1699601544351 5.46993464914586 -0.017075201740668 0.484702744528619 0.111534939129113 0.867370534596031
1403636675.81356  5.53837793911134 -1.19346412095027  5.55683777305644 0.00161517491586737 0.461639177647269 0.109682599875088 0.880259273257479
1403636675.96356  5.59354804399074 -1.21474968847059  5.65901628287705 0.0170783661381949 0.423820830797824 0.131098647672979 0.896045410328187
1403636676.16356  5.66591894828573 -1.20881020733214  5.77827586575618 0.00311418111897915 0.383376389511033 0.117609986204462 0.916068085344331
1403636676.36356  5.73633936868409 -1.19874921062482  5.90619723564781 -0.0193260069470275 0.350204056127149 0.0706508846156632 0.93380516010065
1403636676.56356  5.78986227039589 -1.20984911053268  6.04225472431508 -0.022766965472942 0.304277145340317 0.0543037942757485 0.950761895552172
1403636676.76356  5.82657847585632 -1.25577047715042  6.17819914671231 -0.0112573628481605 0.268212043437599 0.0628039004534022 0.961244631519246
1403636677.06356  5.88991125898229 -1.33338702250535  6.37285251868175 -0.00531841572889394 0.246704081843771 0.0645068330964818 0.966926925335943
1403636677.36356  5.95353292891529 -1.34702344440777  6.58537862598337 0.00617261923165757 0.247252428807596 0.0396801472669391 0.96811859869204
1403636677.56356  5.97261198775435 -1.37403072670451  6.71216411351239 0.0294815478731927 0.221063383432882 0.0302728646865835 0.974343559789808
1403636677.76356  5.96922256483201 -1.41592953473542  6.81276285263056 0.0271555636990164 0.176402967921567 0.0334585277293745 0.98337434133235
1403636677.91356  5.96096402048813 -1.44756181743195  6.87075982246703 0.0099252959361416 0.131306341588718 0.0422110151791768 0.990393034788064
1403636678.11356  5.96229520090678 -1.48817574838271  6.93598409786695 -0.000600909029100075 0.0827934004439534 0.0252505860147621 0.996246605844746
1403636678.36356  5.98260105476228 -1.51647384426138  7.01801951826403 2.3457299704318e-05 0.0480643818156713 -0.00714660950583646 0.998818672544223
1403636678.61356  6.00638021694079 -1.56985338125666  7.08096098143263 -0.00321388257233104 -0.000355459540166407 -0.0238355648797202 0.999710663369253
1403636678.81356  6.01967896298564 -1.60839055555541  7.13034289058182 -0.00140501712569978 -0.0416556498945561 -0.0673329020331457 0.996859625555441
1403636679.01356  6.02196137885395 -1.62688190143267  7.18010226421133 -0.000576272139630062 -0.0790182603413417 -0.101983784730271 0.991642622165435
1403636679.21356  5.99667932270169 -1.63116543091578   7.2252065809954 0.00722861757152765 -0.133163502798462 -0.095715958111871 0.986434835137717
1403636679.41356  5.95905880912535 -1.63559113258536  7.25646840946191 0.0114485283169973 -0.193218452933819 -0.0902331284347859 0.976930674704253
1403636679.61356  5.92757535490982 -1.65364920231871  7.27123931214524 0.0071713342344191 -0.238147309179662 -0.10176740721919 0.965856006826933
1403636679.91356  5.89614145012976 -1.71577980056459  7.27306984459913 0.0177008258377346 -0.26093216856651 -0.118741474481706 0.95786301025238
1403636680.16356  5.87715193222024 -1.78271372272295  7.24967116785976 0.0319850337190826 -0.249048035254002 -0.148384140423282 0.956521918528245
1403636680.56356  5.81201937822201 -1.82958473772891  7.14620284914838 0.0259114197022032 -0.232873453258649 -0.163814728857437 0.958260553140832
1403636680.81356  5.72841069644936 -1.80898552035307  7.04776496317147 0.0115900233532349 -0.238656105955246 -0.136081399358305 0.96145243626382
1403636681.01356  5.64910313124372 -1.77171780512389  6.96013162798966 -0.0200750853706725 -0.247171726211018 -0.109353931304051 0.962571995446353
1403636681.31356  5.53195085452242 -1.70361679771134  6.86154604926444 -0.009491511175292 -0.244044314264824 -0.122678989804857 0.961926270226092
1403636681.56356  5.43035365947885 -1.67567070729906  6.77928663004205 0.00775472638396877 -0.251517539731163 -0.11574437328083 0.96087565869894
1403636681.86356  5.29948813332438 -1.63335517105487  6.67344337342192 0.011358034752698 -0.254720938360676 -0.122609387148472 0.959142938664665
1403636682.11356  5.19384593723423 -1.60823565388491  6.56677170273969 0.0108012338327819 -0.26209018105947 -0.117639516561912 0.957785474144907
1403636682.36356  5.09330872879636 -1.59226331278199  6.44777874694602 -0.0104556648087402 -0.264333472243341 -0.117054808999014 0.957244308531208
1403636682.61356  4.98719690128942 -1.55529454806301  6.34404168192564 0.00210135927396864 -0.260764287160466 -0.11833104914467 0.958120730200123
1403636682.86356  4.88656439204988 -1.51758639641421  6.24065906972701 0.0146358324179368 -0.258425371161045 -0.113892458808647 0.959182270361703
1403636683.11356 4.79090250920817 -1.4953545740039 6.11745232802813 0.0165954818326766 -0.25490551053252 -0.121067182736544 0.959213484031127
1403636683.41356  4.66827410072519 -1.43566480340915   5.9642181496159 0.00921402354659935 -0.262339544964076 -0.114348661885634 0.958132270849432
1403636683.66356  4.57334451391833 -1.36190338704782   5.8354649202297 0.00328203451607169 -0.267296033560806 -0.114100606631216 0.956829718528059
1403636683.91356  4.48171127777301 -1.29162523627116  5.70484248451996 -0.00942954833022483 -0.271106800693142 -0.115984178589942 0.955489328330271
1403636684.21356  4.37225726955358 -1.26001476120301  5.54505411194708 -0.00140706247057855 -0.278315057443434 -0.114173079800723 0.953678801706466
1403636684.51356 4.26721623378852   -1.24231642214 5.38132154336613 0.00562367064128882 -0.285369748767681 -0.109363848847535 0.952140761327884
1403636684.86356  4.17401085050522 -1.16972783188224  5.21027635507283 0.00807307655647528 -0.289112079676868 -0.105642172242786 0.951414085592417
1403636685.21356  4.11003581533242 -1.08096226885044  5.04081054897019 0.00344479878482175 -0.278307337479335 -0.12354960351524 0.952506511651087
1403636685.56356  4.04594389204594 -1.03057384058532  4.84297062948837 -0.00210875028502708 -0.271187099379051 -0.123046229801526 0.954627013882512
1403636685.86356   3.98255023746809 -0.952654787203459   4.68561360264181 0.00455767560775887 -0.268584914340508 -0.126023792188882 0.954965640839549
1403636686.11356   3.92315928234932 -0.872696721704042   4.55372184380598 -0.00679717887104187 -0.273910201773032 -0.115722353346582 0.954743597339087
1403636686.41356   3.84419595131079 -0.814274930718017   4.38943886563425 -0.0127883072471381 -0.27386195350635 -0.112244841282425 0.955111085280095
1403636686.76356  3.77075436785904 -0.75309692486914  4.22036418884697 -0.0145519904614947 -0.276225266628246 -0.113636681551719 0.95424029796256
1403636687.06356   3.69969327713203 -0.711009565578472   4.09331203575533 -0.00837384118042394 -0.280286298199759 -0.108453524321266 0.953733349992364
1403636687.36356  3.63694952013303 -0.68988280768316  3.97306796574502 -0.00290905841391523 -0.28179021134555 -0.109490148749895 0.953203924402171
1403636687.66356   3.58365876686924 -0.631175510811276   3.87090986158935 0.000366666578147546 -0.284999020951063 -0.106823165391648 0.952556683325599
1403636687.91356   3.54961037591145 -0.551037545722449   3.79842451447048 0.000267339439542273 -0.286423899514538 -0.107439858004394 0.952059848553916
1403636688.16356   3.52338006195916 -0.456102254329223   3.73182860663618 0.0024626050227973 -0.282527757690713 -0.119382619256001 0.951798188656785
1403636688.41356   3.49662221959498 -0.382763395667154   3.65284274538753 -0.00216017912231037 -0.285605899313664 -0.11335101882716 0.951617649286854
1403636688.61356   3.47710985679323 -0.318926142939082   3.59192983975908 -0.000458124386191916 -0.280776562670861 -0.127129672199481 0.951316119080948
1403636688.81356  3.45209924461366 -0.24525875425509  3.52985893022379 -0.000777085812015747 -0.282276706453762 -0.131801061314537 0.950235622026253
1403636689.01356    3.4161259060846 -0.184946458601149   3.45725476518078 -0.00905305823450268 -0.296098490055006 -0.130860346355324 0.946107444255415
1403636689.21356   3.37216969483698 -0.148033510913284   3.37732999519393 -0.0184344039489343 -0.311441491505973 -0.127986855302763 0.941426436313158
1403636689.41356   3.32343006963255 -0.135295574864724   3.30030110122016 -0.0213331867720167 -0.320619537544667 -0.129323094284952 0.938095701179448
1403636689.61356   3.27244818864671 -0.147484987301656   3.22847589416314 -0.0267819039631245 -0.325533921683976 -0.128825374721738 0.93633029336926
1403636689.81356   3.21920595434652 -0.164208701620835   3.16910604038138 -0.045676143109737 -0.329006549649874 -0.117456373825373 0.935880537507805
1403636690.11356   3.14431044668884 -0.183014341555838   3.12852174968935 -0.0423516619928414 -0.328307965967198 -0.107487889943268 0.937478836947517
1403636690.46356   3.06672622238826 -0.228142256405247   3.13918165828832 -0.0346603111522196 -0.319677587801108 -0.123366761044492 0.938821359449116
1403636690.71356   3.00704986800946 -0.267755470600873   3.17248474676906 -0.0348973759325972 -0.330265583665019 -0.0941948110108694 0.938527652750866
1403636690.96356   2.96748546673761 -0.272256618194601   3.24834976235433 -0.0163240431213779 -0.343785585766298 -0.0567221286358295 0.937191334124743
1403636691.11356   2.97213307397052 -0.280887055986681   3.30628367237901 0.00848181779606849 -0.348188746980204 -0.0481027335082992 0.936151046718562
1403636691.26356   3.00483854548296 -0.301545971729527   3.36425047859334 0.0334998124903402 -0.342219225785761 -0.0687222626776854 0.936504679474783
1403636691.41356    3.0602197885129 -0.330367578310699   3.41240234110578 0.0328485697109013 -0.335275495589663 -0.0957139046939832 0.936669718723353
1403636691.51356 3.10419748867984 -0.3553043601118 3.43530829079576 0.0149848423909047 -0.334726809284933 -0.104314166373617 0.936403744299554
1403636691.61356   3.15284543790123 -0.386289156459407   3.45455439324346 0.00549391209441726 -0.335151226773435 -0.109866020771446 0.935720540333495
1403636691.71356   3.20507592617584 -0.419610296049529   3.47186087534593 0.00256463968061624 -0.331186120404428 -0.123977634821986 0.935381591832295
1403636691.86356   3.28407527894137 -0.463914989069208   3.49781815545612 0.00115861051832787 -0.329716081021344 -0.130197553553173 0.935058586713347
1403636692.01356   3.36141925902366 -0.499778435343699   3.52318261876018 0.00785763771915249 -0.333055449296856 -0.12008974711025 0.935195582678907
1403636692.16356   3.43965809745467 -0.531409715036975   3.54719002646931 0.00915248740940274 -0.329825393822544 -0.124403599805833 0.935764492764806
1403636692.36356   3.54425070610266 -0.588750882815381   3.56604059807343 0.00463277279268196 -0.327075959240982 -0.126084455939276 0.93653754023709
1403636692.56356   3.64614893563138 -0.663781613631729   3.57220116677734 0.00451238713123883 -0.320953916836082 -0.133344366994434 0.937649988759563
1403636692.76356   3.74279761080065 -0.751427829293255   3.56727252648887 0.000380263028612616 -0.314121285357929 -0.1423744199718 0.938646471267434
1403636692.96356   3.82789089037156 -0.822807616379257    3.5597427646104 -0.00348570373560639 -0.303505157888655 -0.164447969336289 0.938525084579853
1403636693.31356   3.92599106849091 -0.911831783542218   3.53757828649661 -0.0172787222987121 -0.31351645355027 -0.144179676901885 0.938414140919378
1403636693.96356   3.98953110682488 -0.994091750200582   3.58934553223477 -0.0165604809117466 -0.322287631862871 -0.133138442643138 0.937086222239317
1403636694.46356  3.98639396781357 -1.05608324429778  3.68220267729592 -0.00513356896138203 -0.325803459880668 -0.129613855358257 0.936496663367614
1403636695.06356 3.98767771034731 -1.0772632706709 3.79364461429102 -0.0118909592859832 -0.326050128354258 -0.113467494806918 0.938442883989044
1403636695.51356  4.01200809647634 -1.12177804774666  3.88027322231925 -0.00137560155918509 -0.312560016735401 -0.128631414582075 0.941147333227551
1403636696.21356  4.03519177204429 -1.13128829983441  3.99057123071511 -0.0140440897191005 -0.30122952159894 -0.137628504454177 0.943462735683261
1403636697.66356  3.96709952540792 -1.11776797719247  3.91559773990494 -0.00326572557715364 -0.284293433474165 -0.132270553907387 0.949563625719182
1403636697.86356  3.93022870710712 -1.13007681381395  3.86181975274703 -0.00456168784136463 -0.24490776411385 -0.119552786389906 0.962136429695499
1403636698.06356  3.88571365858593 -1.12353657872998  3.81254243347998 -0.00533309298095193 -0.21546317894082 -0.105821400901845 0.970746623868012
1403636698.31356 3.82018319718076 -1.0922641820149 3.75646116746405 -0.00612164508083684 -0.191311160789687 -0.094526593808345 0.976947945533332
1403636698.51356 3.76664489755231 -1.0558571323667 3.71845563123731 -0.00805741369035177 -0.153963303058593 -0.0841904121413015 0.984450280054503
1403636698.66356  3.72406970188398 -1.02272094778061  3.69403672782713 -0.0099258156732484 -0.118539988561153 -0.0704829128022022 0.99039482445036
1403636698.81356   3.67928633408949 -0.984450831843788   3.67224970855689 -0.0121219451513807 -0.0779485573446697 -0.0540604162538039 0.995416773139823
1403636698.96356   3.63366918596765 -0.945450845713947   3.65302396525914 -0.0133319861668277 -0.0356289704285446 -0.0345655943901537 0.998678153508679
1403636699.11356   3.58819649965407 -0.917915620226782   3.63296372226876 -0.012221948136476 0.00475997689076282 -0.0145217411827727 0.999808524486949
1403636699.26356    3.5449153459272 -0.902967204124052   3.61016141935017 -0.0122119592164306 0.0457501149838166 0.0119362766913959 0.998806948478939
1403636699.46356   3.49874668379541 -0.897110673954871   3.57981236120698 -0.0158762848535606 0.100288857380778 0.0443192933869618 0.993843996258058
1403636699.66356   3.46952557005518 -0.890898690647705   3.55506384826162 -0.0153085278220812 0.151129982747623 0.0690636723240936 0.985979506103314
1403636699.96356   3.45257406645278 -0.861046297848109   3.53041995074367 -0.00561606501784313 0.210283463041246 0.0730609439268582 0.974890467415501
1403636700.51356  3.48482917396852 -0.73697801603346  3.50555598443261 -0.00288586494006695 0.23800139149259 0.0876270116260421 0.967299600054
1403636700.76356   3.53044810637519 -0.646290191696286    3.4919950752334 0.00602897371866265 0.272379646348097 0.0838204005438199 0.958512973404043
1403636701.16356  3.60182321348947 -0.55410495622695  3.43886276759707 -0.0203454289547131 0.28630145471049 0.0904625532954563 0.953642525793902
1403636701.81356  3.74423850644927 -0.57732702720832  3.36782582348894 -0.00449635659220312 0.278817193551046 0.0790364796341212 0.957075749481074
1403636702.06356   3.81314764455223 -0.555945646335029   3.35195787722738 -0.00456650994205193 0.31536372866129 0.0962479051764628 0.944066314609806
1403636702.31356   3.88427271633534 -0.505480909613431   3.34019269908093 -0.00601810174980529 0.363320013762055 0.114813498210936 0.924543244353576
1403636702.66356   3.98343723990299 -0.397162295645885   3.34554640203164 -0.0228820479242252 0.391992973391527 0.117280836875525 0.912174942648744
1403636703.16356   4.11855702381319 -0.258056195695703   3.42573781442694 -0.0118763510229878 0.389445558791388 0.123961673938367 0.912592248717049
1403636703.76356   4.32198199992283 -0.249045062700477   3.47214743509528 -0.00913303955490698 0.388195644493053 0.113869785205504 0.914469464335668
1403636704.36356    4.5180407950817 -0.213280436112185     3.507776826251 -0.0163283867847516 0.378493824628179 0.116333312814603 0.918118929568997
1403636704.76356   4.67533950046843 -0.214962945519061   3.53666562007378 -0.0387179063598889 0.376141555277998 0.114129144183678 0.918690912422702
1403636705.11356  4.82313913294576 -0.20500647377169  3.63136213658379 -0.0503219823891295 0.372127431677176 0.113969911877607 0.919782437247193
1403636705.26356   4.90312299485023 -0.206280839865313   3.69170764169992 -0.0262494543666477 0.374958018536559 0.101516062235073 0.921092796404833
1403636705.46356   5.00748633667945 -0.224639842899131   3.77686011864833 -0.0222141464919952 0.374620434643426 0.101031638674919 0.921389531973238
1403636705.66356   5.10141833511149 -0.242951864598899   3.87500328546052 -0.0323264186235616 0.374201518425975 0.105528338665186 0.920756208779085
1403636705.81356   5.17701762696121 -0.251234212034888   3.95838381671418 -0.0227908497202703 0.373975504520684 0.106459208033228 0.921026240783869
1403636705.96356   5.25258004466571 -0.269133972135576    4.0436746915745 -0.00629946002999985 0.370689998816899 0.112693813227974 0.921872738527719
1403636706.16356  5.3583974686491 -0.3054176131579 4.14918972880216 0.00980291498913099 0.363228708636451 0.124603101519131 0.923278330283899
1403636706.36356   5.45933849454541 -0.321698851843258   4.24205124114472 -0.00329585973111602 0.368923893203926 0.101873955719792 0.9238538821036
1403636706.56356   5.56057273647224 -0.325078813299373   4.33765914883364 -0.015880075474651 0.370929727328693 0.0933065373616454 0.923825119095796
1403636706.76356   5.65401634088704 -0.349926277042083   4.43259796741727 -0.0232369955562076 0.370834291356662 0.0966238463308031 0.92336655923407
1403636707.01356   5.77015358191965 -0.408190710350533    4.5609893764582 -0.0252317474122698 0.375190492941442 0.100181685293386 0.921172667234899
1403636707.26356  5.87898186455736 -0.48256660141401  4.69828798269224 -0.020835627669936 0.383177495683416 0.0994254654548718 0.918071598646025
1403636707.51356   5.98255741255574 -0.586612086474751   4.83861446068349 -0.0247463575319879 0.387459576284601 0.101695508595996 0.915926153172655
1403636707.71356   6.06092999736373 -0.685092285087501   4.95786947733259 -0.0229997273965139 0.382489918751353 0.116942321916544 0.916240671405738
1403636707.96356     6.169340552849 -0.760697847420905    5.1283059517443 -0.0154856124153353 0.377882969036769 0.120054874151003 0.917906032615902
1403636708.16356   6.26351200863429 -0.786520419357783    5.2726353264819 -0.011297394879392 0.376156815093354 0.108734502192775 0.920084358828392
1403636708.41356   6.38515062244487 -0.804897302718726   5.46150846380406 0.00776212344086794 0.365144567650916 0.126946797168032 0.922222155905774
1403636708.71356   6.54241216201628 -0.837315249114532   5.64391201325989 0.00977822187790128 0.372279420181649 0.111261041700124 0.921375819243117
1403636709.01356   6.69358139123316 -0.852832006385247   5.80292907901298 0.00950597075230136 0.388869764067281 0.0890375926968648 0.916930886272821
1403636709.31356   6.79530161885625 -0.901941370728075   5.93924069728876 7.13512853591987e-05 0.397219364546211 0.0914109466931059 0.913159794429851
1403636709.61356   6.85591999415658 -0.949124281328848   6.08144334050446 -0.0106969460167649 0.397249374941486 0.0933943249995651 0.912883349345572
1403636709.91356    6.8805304846498 -0.979131454660989   6.24151264311819 -0.0115152485616332 0.393218548230415 0.0917643873040036 0.914781869956357
1403636710.21356  6.89101707107087 -1.03831788040673  6.41829554938665 -0.00809288367196213 0.387170461536532 0.0884602689015801 0.917719085435909
1403636710.46356  6.87247894145515 -1.05849626174213  6.58086412321994 0.00490779487868496 0.36368858532602 0.110446523490663 0.924936804274656
1403636710.71356  6.85249444065784 -1.04999717207849  6.74053198399394 0.0103039386033463 0.327872918018836 0.109014646962593 0.938354402785373
1403636710.96356  6.83828313622778 -1.03992481045385   6.8762931426536 0.00449171059180287 0.290655414361591 0.0717383462976731 0.954124134643248
1403636711.31356 6.80442686457759 -1.0692374041597 7.03371967458754 0.00284113647708649 0.264518818359415 0.0457813813499617 0.963289046859221
1403636711.61356  6.74316084628678 -1.11991744641449  7.14955594381551 0.0341360633306163 0.264937731726155 0.0441330542807691 0.962649988837033
1403636711.96356  6.61543438796463 -1.17491395523827  7.22731030795056 0.0214824780085223 0.265922053992994 0.0633073750922372 0.961673614381559
1403636712.31356   6.4686343904435 -1.24573966490424  7.25106282481128 0.018884567966799 0.253025472077378 0.0610627268711404 0.965345962315992
1403636712.56356 6.35430136683668 -1.3142928379087 7.23469639645111 0.0213166914696217 0.227061679672391 0.0347527686535973 0.973026637538794
1403636712.81356  6.22340685742351 -1.37128073312337  7.20394823818601 0.0328776947860925 0.203864734091253 0.0338398135755385 0.977861490394539
1403636713.11356  6.05597813760253 -1.39053734484914  7.14459564676415 0.0235347536232026 0.196676937821952 0.0350858993838194 0.979557694658821
1403636713.46356  5.84977003041603 -1.44078558727972  7.02657955088729 0.0143439116351826 0.193344138607298 0.043549231774295 0.980059059790313
1403636713.76356  5.67964195220988 -1.49451099608135  6.89651164128133 0.00962571805026223 0.19100683443676 0.0631294715323405 0.979509267222374
1403636714.11356  5.51921644464761 -1.49866844131769  6.74321248564303 0.00485563893996217 0.201854765051731 0.0565533497884767 0.977769295500783
1403636714.51356  5.36759388725462 -1.44597030483236    6.570772639572 -0.00581965759120598 0.2029648619878 0.063132127200571 0.977131378525388
1403636714.76356  5.28669265478475 -1.39698380874929  6.46880291666511 -0.0201993458655096 0.167557916265993 0.0508377648718857 0.984343361224139
1403636714.96356  5.23201974388643 -1.38583263463184  6.38994710219003 -0.0222416377088617 0.121649345669793 0.023009006287773 0.992057121278703
1403636715.21356  5.17169134722348 -1.40965109234566  6.30139773968344 -0.0257850224891081 0.0794618553663202 0.00167106451232023 0.996502962213547
1403636715.61356  5.09330864207219 -1.43249690597906  6.21378736958529 -0.0056046137765939 0.0537699233632681 0.0226495271375609 0.998280713309823
1403636716.06356  5.05875232811976 -1.40662698510331  6.12703825707374 0.0287937309453726 0.0716963714782853 0.00169317209976814 0.997009370338782
1403636716.51356  5.03222323403251 -1.38553444714273   5.9663724958842 0.00325038941010692 0.0826688620489767 0.0142529063184081 0.996469843436162
1403636716.86356  5.01069970479291 -1.31142602556166  5.84771071437506 0.00435532219601679 0.0535272435249876 0.000387512329836154 0.998556816211967
1403636717.06356   4.9966738022149 -1.27340834095341  5.77172694564888 0.00192266992322683 0.00923981606870114 -0.015644784806395 0.999833070991225
1403636717.31356  4.98286469292878 -1.24637836454597  5.66832958173025 0.00105900882226351 -0.0286603294646379 -0.0410875854996588 0.998743848207888
1403636717.71356  4.93607515848233 -1.19395510812298  5.50588453340599 0.00370885952506265 -0.0409954225403908 -0.0528009449570929 0.997756322908252
1403636718.01356  4.86227822554909 -1.12915785889594  5.38551674636911 0.00243449685875906 -0.0635247526371408 -0.0708539861093498 0.9954588849771
1403636718.21356 4.78936266515066 -1.1040099188074 5.29869326388256 0.000544336529599043 -0.105152629521196 -0.0715321629674046 0.99187992109112
1403636718.41356  4.70707993245573 -1.05866836287147  5.20643982304731 -0.00369184577491436 -0.139621600620266 -0.0712623685021776 0.987630423665892
1403636718.61356   4.62477607630892 -0.996715269592493   5.12856834902792 -0.00663124456368327 -0.174435118336396 -0.0694415642728861 0.982194626964452
1403636718.81356   4.54913661291631 -0.923782305745693    5.0623729107415 -0.0101006982495491 -0.196084637664794 -0.06862404255385 0.978130631127717
1403636719.16356  4.44344468879068 -0.83254654264027  4.95668802119757 0.00540002498260079 -0.199629735393562 -0.0916287445308922 0.975562905020776
1403636719.51356   4.34441051533332 -0.760824966658395   4.83485332157264 0.0184437664907273 -0.199557689699455 -0.0800183338475297 0.976439256793641
1403636719.81356   4.27937629555013 -0.685356622537641   4.72185011615912 -0.000294188299781335 -0.191786423454242 -0.0775523503681455 0.978367780634793
1403636720.16356   4.22088900955451 -0.632198479522687   4.58731042487935 -0.00609941456195209 -0.184857851319966 -0.0753213583818866 0.979855634733441
1403636720.56356   4.17217204818562 -0.536357108124272   4.46753945212797 -0.00783806814343576 -0.189242016781561 -0.072246959540055 0.979237662985572
1403636721.01356   4.14865496793852 -0.494703852168254   4.35052266839289 -0.00568601168676318 -0.1624957981538 -0.0629912113359035 0.984680096350024
1403636721.31356   4.15171861585193 -0.454048756664451   4.29315146977344 0.0037434641679697 -0.117077079485874 -0.0436582533310692 0.992155683777078
1403636721.66356   4.17313455251132 -0.434947838462824   4.21140977827133 0.00125486166955213 -0.076771552021259 -0.0381224382633631 0.996318841447502
1403636722.16356   4.20630255679927 -0.353055496756775    4.0853927951092 0.00305008878799378 -0.063983431035414 -0.0466063044341013 0.996857396972264
1403636722.76356   4.22153440736396 -0.285713574880376   3.92812751081993 0.00133015951465443 -0.0525499510064611 -0.0416162648780388 0.997749878387607
1403636723.41356   4.20175961365418 -0.239126613434614   3.73340368381233 0.00154743804172807 -0.0442570718683039 -0.0394236069018476 0.998240800730966
1403636723.81356   4.17605296231717 -0.206423813937001   3.59868647140807 0.00891116566660574 -0.00892363984505959 -0.0207532913235308 0.999705086851927
1403636724.11356   4.15563956609576 -0.173084851041606   3.49700292066333 -0.0156331385760373 0.0119329051245417 -0.011073094943819 0.999745266216308
1403636724.36356   4.14312670295416 -0.122269674257958   3.42943801825258 -0.0133236274103796 0.0560028630298127 0.00165674451544792 0.998340330489911
1403636724.66356    4.12759867664447 -0.0923167138917897    3.35115913184297 -0.000923483495771423 0.0963023574898059 0.0116834214536131 0.995283125941195
1403636725.31356   4.05667079544128 -0.214184355581791   3.15186241095153 -0.00709825346113397 0.0935792661716437 0.0245874170840323 0.995282871681068
1403636726.91356   3.99591424746507 -0.276167498238806   2.88179475151314 0.00777625763916687 0.0788309870138202 0.0175569485326579 0.996703044473015
1403636727.81356   3.98991837137724 -0.429115319317492   2.61864375330203 0.00420916400229885 0.0757644215134356 -0.00209418745718614 0.99711466228816
1403636728.51356  3.85684749760065 -0.50679926691113  2.40407312159283 0.00662003376026511 0.0705670037973807 0.0180799704995974 0.997321205928565
1403636728.91356   3.77363342211575 -0.481841495070853    2.2839832587184 0.00683298207613049 0.0378897114123088 -0.0118011627317329 0.999188877381658
1403636729.36356   3.67177644687154 -0.440920885400719   2.13727690268235 0.00835629436115373 0.00712481955673184 -0.0220484958036027 0.999696590533164
1403636729.96356   3.52559189232074 -0.388627773709851   1.88385714807904 -0.00340221636987478 0.00494405084283001 -0.0197840016725659 0.999786264439983
1403636730.41356   3.41077831002773 -0.310716081590956   1.72142870429529 -0.00934593422415413 0.00200246000346971 -0.0177778492486073 0.99979627511984
1403636730.96356   3.27482788512475 -0.296137393553437   1.56758007191944 -0.0292822572587959 -0.00309944420018209 -0.00686228055760735 0.999542821474412
1403636732.06356 3.19892684285693 -0.2086172679726 1.47315838803692 0.00181337989841226 0.000573803414774954 -0.0103673233311703 0.999944448962007
1403636732.91356   3.19391774865513 -0.104636198448876   1.33927365316368 0.0242048031011573 0.00215305007389623 -0.0294242722023285 0.999271586750858
1403636733.41356   3.10429724732943 -0.080771610451077   1.14438213049279 0.00358759693762146 -0.0024960079109561 -0.0271103526475252 0.999622892831116
1403636734.01356    2.96561471049915 -0.0704450642961675    0.87167359940883 -0.00262747342262998 -0.00386377307335829 -0.0293168598137924 0.999559247554496
1403636734.56356    2.81719791175387 -0.0464668774503089   0.644694920754389 -0.00692718911435121 -0.010099705064005 -0.0201770642561996 0.999721409236891
1403636735.21356   2.65042801784569 0.0274951184483051  0.447977154786264 -0.0135337288276834 -0.0149549140466355 -0.0195375240295599 0.999605659189998
1403636736.16356    2.46199483800595 -0.0477554493786071   0.225603699310133 -0.00366490885945456 -0.0149398861722128 -0.0190783999594631 0.999699646343441
1403636736.56356   2.39664569616608 -0.094165677075459  0.159770177211548 0.0030480581825266 -0.0469541787206238 -0.0454041907536971 0.997859947038656
1403636737.21356     2.2419909053542 -0.0450200018616052  0.0634628273363288 0.00410646336742711 -0.0678090652101049 -0.040614613937912 0.996862839496296
1403636737.76356     2.09456737835354 -0.00906735160319677  -0.0311923493759505 -0.0151806272891244 -0.0823835426317185 -0.0296661380387476 0.996043382946959
1403636738.36356    2.0007173852802 -0.129412428775139  -0.12544148236201 -0.011236472500311 -0.0739466221871725 -0.0300243352514326 0.996746797359072
1403636738.81356   1.98045107177297 -0.155676822634084 -0.122424463667001 -0.0111902410263979 -0.01866809651481 -0.00410139921453992 0.99975469951522
1403636739.06356    1.99699781046049  -0.136031392485314 -0.0958615192022603 -0.00269055425474405 0.0421431026661339 0.0326950629718542 0.998572857969182
1403636739.26356    2.02937679348814  -0.097918348135735 -0.0694401989678493 -0.00216465008682887 0.106556976646234 0.0412351080974248 0.993448836567948
1403636739.46356    2.07555984534484 -0.0560464419913834 -0.0524348879826417 -0.00297355878448898 0.169860359790581 0.0429269185634907 0.984528260530196
1403636739.76356    2.13208470912788 -0.0370630693246846 -0.0409188737951788 -0.00160817537159616 0.219482506123084 0.0673127911531132 0.97329020925163
1403636740.71356   2.28363817186565  0.143549101484786 0.0180450136357967 0.000546164048237678 0.213414318146318 0.0645139233501865 0.974829207712274
1403636741.26356   2.35402637214539  0.297735491971345 0.0410802317146498 0.00809976152989988 0.229567152551332 0.0534377264134345 0.971790988705079
1403636741.61356    2.3722926026492    0.4342277130305 0.0533724200795329 -0.01951719024884 0.237174476580077 0.0794111464734586 0.968019223341938
1403636742.36356   2.43322771895079  0.585517568642257 0.0982894305049042 -0.0194843621680165 0.224664585136759 0.0666398450343834 0.971959523267315
1403636743.26356  2.51047172396658 0.700800136205676  0.20989454584893 -0.0417112198539875 0.229631086160069 0.0802760493362234 0.969064236420996
1403636743.76356  2.61424905186073 0.741790223237917 0.346125351774613 -0.0156615495252322 0.243068756074447 0.0721974637157623 0.96719171931934
1403636744.11356  2.70409916200415 0.818055859113004 0.486582301203618 0.000755988380196855 0.266269752031072 0.0750460223176932 0.960972394072365
1403636744.41356   2.7666205102637 0.925273423314115  0.61228277290002 0.00893975024605407 0.278876415046505 0.0918323113721432 0.955884330128074
1403636744.66356  2.81568004889078  1.04537763218702 0.710753651912772 0.0178819254857246 0.273821912332816 0.105040961072552 0.955859923610294
1403636744.91356   2.8729054935203  1.18323465426919 0.788695027329782 0.00968980991393233 0.280030780759224 0.087454399264768 0.955950101972091
1403636745.21356 2.93509632107231 1.30294538232405 0.84957127636533 -0.00974981678439622 0.270047239442552 0.0876777353668857 0.95879718619897
1403636745.71356  3.04062529470497  1.36972370171395 0.925562273874739 0.00974863883148892 0.270915037134179 0.0759839006967085 0.959550130806324
1403636746.16356  3.08607053414016  1.31991295998252 0.940805363072818 0.000762252957690652 0.305171502867418 0.0664746553244124 0.94997415386292
1403636746.71356  3.0034556531992 1.24164517511052 0.95096880171314 -0.0210250918976116 0.292335110246212 0.0966796220497636 0.951184093384844
1403636747.41356 2.93442664648837 1.14733801053693 1.01953037912124 -0.00511343171163128 0.291242928530428 0.0788536826452213 0.953380042863515
1403636747.86356 2.89172822278428 1.02877450779769 1.07954932363667 -0.00844345103129969 0.300306761385493 0.0875471114531602 0.949778953481833
1403636748.16356  2.86065421954816 0.916917642280172   1.1176951712294 0.00463739668251412 0.295176409116344 0.121483692889486 0.947676682426619
1403636748.66356  2.85477142035336 0.801029459628307  1.17955112773232 -0.00113754015090793 0.306587087699391 0.0937301482332029 0.947215774240797
1403636749.16356  2.86590297210365 0.688522843836568    1.228844405179 0.0129034818158153 0.307338647969695 0.124064869054832 0.943389826046262
1403636749.56356  2.91458985586295 0.604974017506584  1.21892419832617 0.00225475587974245 0.325575809278588 0.0891560908931439 0.941300430226805
1403636750.46356  2.90216040043179 0.485288039769149   1.1570627577743 0.00780742890167152 0.302198949196175 0.0849877822790572 0.949416618783324
1403636750.86356  2.84254756120191 0.348089029455876   1.0617993853037 0.00163660942176668 0.291876033557389 0.0791674099888068 0.953172714538174
1403636751.21356  2.77827039067102 0.207526859895577 0.975015193871466 -0.0117252842848719 0.293324798368921 0.0782087649460048 0.952736306359683
1403636751.61356   2.70390756172168 0.0688162982344217  0.912814150179144 0.00170589144060315 0.282451823738046 0.103045865779937 0.953729315239449
1403636752.06356    2.67656589356115 -0.0483767106689008   0.853945300839564 -0.0240387467111517 0.268789376585369 0.0887557873777924 0.958799676626121
1403636752.36356   2.68888160492105 -0.135991805156696  0.834515053563773 0.00333423599860098 0.250484422346699 0.0724250177306348 0.965402016694943
1403636752.61356   2.69099012492132 -0.222907805975285  0.812710877055758 0.00361176689182022 0.203571545933225 0.0538439563993241 0.977571690049146
1403636752.86356   2.68811736332961 -0.281374256371495  0.793541338803463 -0.00307727281759184 0.148015365515551 0.0313004985535881 0.988484830816134
1403636753.11356   2.68089564747283 -0.305161118985836  0.783327562300539 -0.00490397080308845 0.0905531171091997 -0.00386972519693134 0.995872034590323
1403636753.36356   2.66029898793349 -0.297504329784565  0.783592703573612 -0.00371018431127304 0.0287838626160872 -0.0357499440401482 0.998939270069207
1403636753.96356   2.55553721411825 -0.297573738109281  0.774214775526149 0.0041606046780869 -0.0148349249977568 -0.029949241016404 0.999432667732832
1403636754.66356   2.37602110287695 -0.324779402795534  0.664743339394893 0.012994717370023 -0.0240223037734337 -0.0415462217652823 0.998763224042075
1403636754.91356   2.29162654113997 -0.304686918224923  0.603885817521111 0.0127093192633138 -0.0635661661020681 -0.0525181113228657 0.996513754904581
1403636755.06356   2.23606742271726 -0.281990607308838  0.561152473674227 0.0121165175853688 -0.0784783950480395 -0.0566750931079658 0.995229755048296
1403636755.41356   2.09675827473623 -0.251644303731777   0.43849599922586 -0.00992654913010041 -0.0898745025481089 -0.0594144780328944 0.994129748681819
1403636755.81356   1.91691252514647 -0.235686311787962  0.301719769965373 -0.00582666751605878 -0.0861333878664122 -0.0564142261362332 0.994668047405647
1403636756.21356  1.72696239186483 -0.20467730147844  0.18713141404964 0.00549846812291389 -0.0870437053189488 -0.0531126803231145 0.994772437998532
1403636756.56356   1.55303194576982 -0.180544831342319 0.0670673066852717 0.00783649196289196 -0.0901096456247065 -0.0539213902397638 0.994440206766458
1403636756.96356    1.36139018613422  -0.139385259210064 -0.0827720577554275 0.0103947238245737 -0.0957024004207497 -0.0523873849567989 0.993976137624896
1403636757.36356    1.17463577709711 -0.0972181921516623  -0.261829801798072 0.00787935458321679 -0.0976324134342261 -0.05390671136984 0.993730292427301
1403636757.71356    1.01470032840663 -0.0332476002495065  -0.424875974829724 -0.0219806927220002 -0.111546786866224 -0.068415707661445 0.991157633493515
1403636757.91356   0.910046285102527 -0.0354563662696444  -0.519177000480075 -0.0343906524696335 -0.125401408040934 -0.0698217610667156 0.989048376756975
1403636758.06356   0.826516579120781 -0.0527528171505797  -0.576112515429043 -0.0155656620356558 -0.133322097904244 -0.0661092604345256 0.988742885719338
1403636758.31356   0.694961170016769 -0.0607847204085883  -0.655125852635415 0.00631148083439952 -0.140577731506588 -0.058785625392517 0.988302745549839
1403636758.46356   0.618611725179717 -0.0481655456083295   -0.70341814975025 -0.0129318003862856 -0.143237440939816 -0.0535180383621608 0.988155667707092
1403636758.56356   0.569410553868263 -0.0354678853048556   -0.73075334561144 -0.0379695465843602 -0.146807150414572 -0.043773672137945 0.987466373982877
1403636758.76356   0.482408429262323 -0.0120819310219346  -0.762936551244384 -0.0331130304716435 -0.146520711606768 -0.0398427485675367 0.987850071453059
1403636759.16356  0.344015151237254 0.0365793947231604 -0.778250619645078 0.00139766966562412 -0.150382478850556 -0.0300487756012295 0.988170141048157
1403636759.46356  0.290245608123145 0.0968086459127827 -0.779493724347294 0.00401746282423559 -0.151740428123188 -0.0312372722313539 0.987918486156116
1403636760.11356   0.27997515074591  0.192899144556738 -0.815283462492516 -0.0174836003882724 -0.143939205482087 -0.0589870786840964 0.987672189236371
1403636760.41356  0.279575196955019  0.227539254211829 -0.827747899291772 0.0068691864481172 -0.144229356188899 -0.0563003451627295 0.987917495657119
1403636760.61356  0.282273016343556  0.260794513244328 -0.836464790617767 -0.00417197131897061 -0.142182151269544 -0.0630679325720539 0.987820462633147
1403636760.81356  0.282120224647406  0.290697938466968 -0.847114873989167 -0.00812485787772303 -0.140498478599515 -0.07074986539122 0.987516390113507
1403636761.01356  0.273974957357947  0.317308242782448 -0.858574345660061 -0.00498082442557546 -0.141347543980047 -0.0719693798009517 0.987327945299796
1403636761.16356  0.262625737479888  0.339103184387336 -0.868292199485288 -0.0258634401239567 -0.143106391029119 -0.0691128026382538 0.986952412137009
1403636761.31356  0.247286485168334   0.35628250478389 -0.873282882128062 -0.0393591977287944 -0.142885650448907 -0.0713983718085954 0.98637559628826
1403636761.46356  0.226794774862657  0.361087252065033 -0.870738356681162 -0.0206077082824395 -0.143762094016371 -0.0690236983800888 0.986987087932415
1403636761.56356  0.211561807912457  0.359952996951055 -0.867184773347696 -0.00636512215518343 -0.144069427888306 -0.065976600539634 0.98734521488136
1403636761.66356 0.196089909884138  0.35698221811426 -0.86473604669496 0.000331397415299027 -0.14558607724898 -0.0598954767591375 0.987530817823324
1403636761.76356  0.181230367801144  0.352527156275049 -0.864068868442521 0.000533519999131719 -0.149668269877546 -0.0470931035970503 0.987613975165332
1403636761.91356  0.165208600966583  0.345032970767783 -0.864164004641806 -0.00120459177504247 -0.151373519595642 -0.0402029712793099 0.98765800134672
1403636762.11356  0.156811435659722  0.334886013046538 -0.864439868919937 0.00522691668338687 -0.137314782591357 -0.0727814263426706 0.987836116875365
1403636762.31356  0.141986888469715  0.326505963539181 -0.871364744955658 -0.0170268716402381 -0.131913512276554 -0.082884969461236 0.987643150514608
1403636762.46356  0.119506296585401  0.331496906487783 -0.871939539998804 -0.0322279734219694 -0.13682152124441 -0.0685852933296318 0.987692911077308
1403636762.56356  0.100449558558196  0.338754009230292 -0.866196685081422 -0.0255687853671515 -0.147454754264607 -0.039856016863607 0.987934628697355
1403636762.76356 0.0752455758896688  0.373428064379792 -0.838893256581853 -0.00612720117281905 -0.152315200873241 -0.0276629426620622 0.987925755607175
1403636762.81356 0.0729263017784784  0.386769733015418 -0.829679471143876 -0.00338379269992867 -0.149287553641886 -0.0368129478658121 0.988102516515374
